"Site"	"X10ug_0.05pmolMix_01"	"X10ug_0.05pmolMix_02"	"X10ug_0.05pmolMix_03"	"X10ug_0.05pmolMix_04"	"X2.5ug_0.05pmolMix_01"	"X2.5ug_0.05pmolMix_02"	"X2.5ug_0.05pmolMix_03"	"X2.5ug_0.05pmolMix_04"	"X20ug_0.05pmolMix_01"	"X20ug_0.05pmolMix_02"	"X20ug_0.05pmolMix_03"	"X20ug_0.05pmolMix_04"	"X30ug_0.05pmolMix_01"	"X30ug_0.05pmolMix_03"	"X30ug_0.05pmolMix_03_20220513055138"	"X30ug_0.05pmolMix_04"	"X5ug_0.05pmolMix_01"	"X5ug_0.05pmolMix_02"	"X5ug_0.05pmolMix_03"	"X5ug_0.05pmolMix_04"
"ACACA:S80"	NA	23703577.4125866	NA	23941310.5410655	NA	20081742.4181955	24548633.601628	16058805.7513896	23163640.7213419	23167834.3699843	21838024.7879878	26037782.1977685	24507757.0629854	20921635.1012208	26816123.6899672	29310924.2708748	NA	26534057.2963984	NA	NA
"ACLY:S455"	3670066.72515716	3223483.82101365	4002600.5409224	3493874.96068591	2811999.58198476	3071933.60102947	2120818.99223969	3557583.46974596	3191407.90665518	3495686.07296045	3256531.34007077	4540509.62096993	4542851.4028873	3448871.09346676	3769120.07761971	3868371.7782484	3172000.17639699	3122312.13921849	3624422.34717858	3415154.79284616
"AKT1:S129"	NA	NA	6605315.82853636	NA	NA	NA	NA	NA	6904187.69502831	9278641.3966002	5876838.38491336	8108331.07845505	11329910.3488129	5971272.55714597	11359012.699005	7148966.98439184	NA	NA	NA	NA
"AKT1:S473"	2370174.21632099	2272552.00751011	2283922.43956577	1967488.49940281	NA	NA	NA	NA	2514485.49186573	2547244.8532471	1890934.70608969	2470634.56303144	2664902.13398511	2198641.39290712	1933392.46256138	2091971.49878392	NA	2585998.34109568	2329497.99419751	NA
"AKT1S1:S183"	13148959.8166369	6401357.60722343	6841383.23724935	3243749.55775724	17237375.695698	10552698.2455163	18603674.2425093	7597853.40265339	6739253.35267116	11758743.227485	6815144.63953591	6698745.7223125	11973032.7938585	7531069.75679343	8564705.28414184	5228834.92988177	14953031.2876255	14888167.6881853	12288281.1027242	5367237.05002084
"AKT1S1:T246"	50177787.3164923	47312571.2598252	30269613.3939375	55969043.6733733	15468865.3146599	18763999.1548291	27694029.9440111	20165006.7391091	56704445.1241971	34528196.6339829	43597182.4719768	65003674.1529736	96257325.0055217	83802099.1840815	73996588.2982816	86380014.7923032	23883425.5289406	28753373.0292492	26277665.4661822	24407356.5121034
"ATF2:T69"	43940274.8476352	42141868.4165801	29043504.7158506	NA	NA	NA	NA	NA	38691324.7935288	27485297.0291001	39276684.0696272	46521269.687835	46943157.8682391	NA	36282063.093724	40083358.6891842	NA	NA	NA	NA
"ATF2:T71"	6134725.69407722	11317512.829207	11480417.9124707	NA	NA	6384957.12122894	10928015.3577089	13750962.8963467	12017582.9639858	NA	5592675.591175	12749946.7690849	3376477.0907919	4259339.84688697	17320283.6662557	9819643.8273548	10409941.8078071	14165312.5309133	13949634.8932409	13424132.7777359
"ATM:S1981"	4227178.58508298	4070845.07867994	4146345.42051827	2669978.71989995	NA	NA	NA	NA	4118903.60298105	4115129.54398253	2803359.09953473	3499867.15442052	4275176.15416636	4162275.20972978	3175248.85431578	4433141.06387759	NA	3093994.43851282	NA	NA
"BCAR1:Y249"	60179978.520941	55606761.295197	58108755.8370179	40667796.4313257	NA	47863340.5699022	84317236.7446028	31810186.2455577	61609175.6230217	63010837.7443582	46305159.5128357	60582716.1236192	81839218.4587809	66375471.6524111	49723870.234236	51193706.2215976	51960212.0761491	71298659.1854343	58992344.2837473	43360545.0094684
"BCAR1:Y410"	17955285.2634004	16863399.098491	17802157.794847	NA	NA	16243992.9426937	NA	13935782.1964931	16846513.881766	18254585.7615965	NA	NA	22198826.3452255	19541939.457971	NA	13950554.8639535	NA	22633316.6273955	NA	13046227.1708925
"BCL2:T74"	NA	NA	NA	NA	NA	NA	NA	NA	NA	NA	NA	NA	NA	NA	NA	NA	NA	NA	NA	NA
"BCR:Y177"	1258102.714167	NA	NA	NA	NA	NA	NA	NA	NA	NA	942408.321384251	1863430.56057539	1540465.7483991	1320479.4918097	1231326.63458636	1636716.5709223	NA	NA	NA	NA
"BRAF:S446"	133917.433430007	115458.542193649	212938.711792604	100860.663085002	NA	308874.359887148	543155.428095105	322666.491708601	179885.243739006	153681.518013588	150980.341503499	211399.779270998	255245.648894763	NA	87435.7598060031	NA	323664.598759099	316365.427408495	258908.098501799	224803.61150355
"CAMK2D:T287"	1807432.13338774	1461646.77891159	1268652.81414211	1887622.53454577	1871544.48950931	1799796.36080244	NA	1577187.50328956	1229316.7226055	622330.696975376	1047887.7956352	1272816.65253822	1282393.9750109	1101752.47298614	664729.654144747	1051584.42366367	2873326.71555287	1672347.13418243	2697104.37991038	1433109.49308829
"CAMK2G:T287"	17494707.099008	16445326.657691	14437104.1869654	17186922.0072637	13910601.663161	12853576.636453	12796191.0550218	13126755.9993347	14736693.7808195	14977396.9393652	13286808.6482124	21613844.114705	19298927.1909756	16259565.0263274	17753601.2056184	18176949.1236348	17570048.6385233	13802966.8989156	16490095.9692915	16348984.2404653
"CAMKK2:S511"	72117505.2086775	69538865.489737	67364714.2111728	86279675.53837	NA	66158362.8421776	91209537.9513307	54083181.3473566	63716167.695208	77259626.8554796	69671712.5309723	97409628.8828152	85727442.8580151	82163924.0677386	77656267.74239	85451239.102504	57983002.2587355	96332439.4136376	64505525.1175289	73674784.8530254
"CAV1:Y14"	56231334.4271004	56026337.9802426	53549481.5684297	NA	NA	52492152.5954662	61565148.8118597	44022430.0806452	54432386.7260365	58137862.0276155	NA	62052440.5040612	58269591.8734516	54797971.6992126	55627835.1378393	53906786.6036034	57580954.7638651	63341114.429005	59632302.4235898	46894196.2897437
"CHEK1:S280"	31041381.2440053	28575352.1851067	31438932.8720034	27877538.8473342	28980368.3062016	27505837.9236426	27604656.7182738	30025677.1879941	26407227.8947599	29541522.1609067	25348104.4639021	34928296.8906214	32163569.010554	28487447.1479785	25242898.4455686	30351104.4837509	27620478.2128148	29340354.879872	30844247.0227081	28568932.8901681
"CHEK1:S296"	13093805.3911504	10812543.08163	11132527.4360295	NA	NA	7947410.21793033	16410384.7890485	NA	11940746.0371331	13447223.4742656	8433716.07739158	13804763.6936171	16005027.6752923	11619094.8146089	10841904.3299515	11024888.1129598	11334247.9998337	15304152.9533592	11414826.5195563	9926772.84114312
"CHEK1:S317"	NA	NA	NA	NA	NA	NA	NA	NA	NA	NA	NA	NA	13639566.7337904	NA	NA	NA	NA	NA	NA	NA
"CHEK2:S516"	71119.2753284624	NA	NA	NA	NA	35333.9603434975	NA	42628.0155342492	72433.8091539998	NA	NA	NA	NA	NA	NA	NA	NA	NA	NA	NA
"CTNNB1:S45"	740602.806426416	611829.183702301	685218.694567341	260301.269681895	NA	592248.262913806	934804.788106358	378655.852454002	672107.747895933	634224.981177706	475963.216271458	824384.386691398	838368.15017199	560588.29234335	706093.274100101	689222.570292297	NA	658226.696094955	686314.614830445	412697.70195957
"CTNNB1:S552"	NA	NA	NA	NA	NA	54101413.1461744	66006003.2610498	NA	NA	NA	62351688.1213092	NA	95361060.9489105	71565710.9253684	73456076.1794003	75341689.3644747	NA	NA	NA	NA
"CYLD:S418"	44661015.0714139	46894816.1026193	47307608.7458835	30768532.1183954	NA	NA	50333999.4253904	NA	40515740.7767925	50418462.840674	38637278.9099637	53770327.2134262	53487248.1405701	48431924.9420532	48352578.4623272	36276130.7510735	33625236.6961518	57312633.4429901	52885789.5469602	29189272.2989212
"EGFR:Y998"	3702498.38736276	NA	NA	NA	NA	NA	NA	NA	NA	NA	3285846.40779556	NA	7936020.20432946	NA	NA	NA	NA	NA	NA	NA
"EIF4E:S209"	12181496.6965659	9579694.41378355	NA	NA	NA	NA	NA	9334694.08718445	NA	NA	5598128.69928023	11506491.6024546	NA	NA	NA	NA	NA	9813517.8571497	6700219.0740173	9769211.44637352
"ERBB2:Y1248"	1317655.53418699	1260685.98821602	NA	NA	NA	NA	NA	NA	NA	1292506.93728475	NA	938254.15673515	1070647.98916729	1287819.87275195	841345.033678432	NA	NA	NA	NA	NA
"ERBB3:Y1328"	NA	NA	NA	NA	NA	NA	NA	NA	NA	NA	NA	NA	NA	NA	NA	NA	NA	NA	NA	NA
"FOXO3:S253"	NA	NA	NA	NA	NA	NA	NA	NA	NA	NA	NA	NA	NA	NA	NA	NA	NA	NA	NA	NA
"FOXO3:S294"	20661941.3218742	19564731.3561175	16532870.830289	18592540.9263361	17154163.349011	18992979.0961715	20191667.835125	20977903.5717258	17238413.9067067	18584867.3861961	17437369.4521407	26064064.3232854	20440138.2636726	20061713.2866769	20103798.0061371	22936355.6317625	20313055.6039632	20726752.1833633	20101993.8834132	19466072.0963903
"FOXO3:S413"	29035584.2385081	27925898.8820343	24979169.4860755	26589726.2889579	20773709.0033614	23373453.4463924	28460308.4856832	27183654.1843825	NA	24509588.6365827	23254939.0599398	27540158.4933733	NA	27050716.0679434	27102328.8399657	28131466.3121935	28201059.7094821	5494213.87774742	NA	23324525.3495221
"GAB1:S304"	469190.581121948	563592.300091702	480325.95535	NA	NA	NA	NA	NA	707955.65657945	352266.70083405	NA	367649.72849705	1198930.50288975	10645633.2729292	333867.447889099	NA	NA	NA	NA	314824.984116399
"GAB1:Y627"	NA	340237.117490496	NA	NA	NA	NA	1628111.63509369	NA	NA	NA	NA	NA	125000.620940505	NA	NA	710680.562884001	NA	NA	NA	847421.341882516
"GAB1:Y659"	1711725.66395145	1458557.30221051	1775524.41098749	1470379.4668813	NA	1131124.75702079	1054569.95118675	709372.479763748	1581861.53316206	1549622.7877434	1065674.672714	1860124.46118371	1983261.78631214	1371403.618307	1213385.2157574	1562269.7392145	1552297.1966956	1721436.22864285	1571195.03411449	1345346.8349793
"GAB2:Y452"	NA	NA	NA	NA	NA	NA	NA	NA	2211820.1434152	NA	NA	NA	NA	NA	874322.677187007	NA	NA	1972912.81102281	NA	NA
"GRB10:S476"	16171299.2009475	23346191.0401499	22213076.5582133	12389560.0757034	NA	10313602.4902016	33378249.6113862	9610648.44160747	15755378.9461344	27315255.899011	16797832.2312886	25927373.4420546	37340002.5183201	25194515.1708744	28260236.0652155	22187429.446153	17296511.9891759	36424946.3088301	19075827.975567	13558127.1161486
"GSK3A:S21"	8318937.14367664	6139352.35333381	8964444.72811642	6045051.63642508	7136379.48874513	6416773.39902137	6774744.24471274	7000747.28219702	6971259.1418336	6990592.95251331	5171667.87292183	6156364.96520266	9239180.59705922	6246681.3047515	5564411.11243124	5497352.77531977	6080032.24661192	6521842.79056575	6991743.07965619	6442787.84871165
"GSK3B:S9_1"	NA	NA	NA	NA	NA	NA	NA	NA	NA	NA	NA	NA	NA	NA	NA	NA	NA	NA	NA	NA
"GYS1:S641/S645"	91030378.4099721	79171100.4508083	73806395.8335677	68153338.9350137	10905893.9981171	75282731.7776848	81667698.05332	64370978.4722487	91689226.4531229	76143801.4706825	73905855.1733309	76103399.3595893	115165280.296121	85478139.9459889	80460711.4948281	81699028.8771389	81148503.3791951	86000096.4972416	74777806.4114076	55743403.4815196
"HSPB1:S15"	1642001.51528864	1533785.5256954	1473764.27093772	1231382.68543958	1705196.84086483	1319182.92910972	2218316.9103742	1603965.55551748	1468798.10483961	1715915.62247885	177013.802141349	2445887.42976014	1897098.54500356	1531555.56690013	1847041.77607381	2018257.08122505	672583.413738121	1690649.63528249	1463758.14534858	1017401.11415659
"HSPB1:S78"	NA	6411773.21867244	NA	NA	NA	NA	NA	NA	NA	NA	NA	NA	NA	NA	NA	NA	NA	NA	NA	NA
"HSPB1:S82"	NA	NA	NA	NA	NA	NA	NA	NA	NA	NA	NA	NA	39491264.938478	NA	NA	NA	NA	NA	NA	NA
"IGF1R/IR:Y1135"	NA	18031952.3480667	NA	NA	54511.7143809001	NA	NA	NA	NA	17379570.5065027	NA	NA	NA	NA	17285184.9976256	18969926.7392282	NA	NA	NA	NA
"IGF1R/IR:Y1135/Y1162"	NA	NA	NA	NA	NA	NA	NA	NA	NA	NA	NA	NA	NA	NA	NA	NA	NA	NA	NA	NA
"IRS1:S1101"	43516195.0703787	36573398.1821982	39824071.2954402	35781967.0980528	10087949.1078109	11799461.8429483	10008145.7238842	9419682.76362665	28399235.8602244	38600167.4218331	28847846.8349692	55607254.6495214	43382932.1914623	27396807.0135832	36295274.6634256	41087834.4249103	26083966.0421157	18111011.2065644	20004448.8350652	23105904.4119349
"IRS1:S307"	9789411.23726584	9187431.64567998	10685888.7045127	8402530.8053312	NA	5405482.92477817	8222615.66397163	5224433.14374054	9423970.35316582	11369402.7107482	7099087.85668202	14538895.0554263	12779243.5936693	8587126.35331507	12631742.1496966	12258488.2862526	7044282.26864686	NA	7094350.10092384	6728389.3930292
"IRS1:S323_1"	5565770.47259614	3995308.55949282	3859925.50858893	3438741.79917702	NA	NA	NA	NA	5422512.02341144	4014563.15447151	NA	5040120.08715424	5086902.02973	3717506.63723501	4178091.17497577	4346469.75018705	NA	6573655.26293852	NA	NA
"IRS1:S323_2"	NA	NA	NA	NA	NA	NA	NA	NA	NA	NA	NA	NA	12514410.511166	NA	NA	NA	NA	NA	NA	NA
"IRS1:S341_1"	NA	NA	NA	3464844.98841497	NA	NA	NA	NA	NA	NA	NA	NA	6586274.37463571	4905997.10020102	6219342.88004379	5635557.38796835	NA	NA	NA	NA
"IRS1:S341_2"	NA	NA	26103103.6801726	19386749.3539405	NA	NA	NA	NA	22211981.1679084	9993810.21890461	16167918.0727645	21297312.5462459	27602172.6160156	19242795.4397011	19556136.3771197	17941600.5754568	NA	9619551.94632632	NA	11225657.6455356
"IRS1:S636_1"	15870555.2000044	13799610.1606992	13913154.6797191	11526556.7422358	8191473.21579431	10780120.7627904	8836848.86379696	10257073.7850512	12404447.4816983	16052322.6505495	13267677.6850076	19289444.0241174	19278275.0213718	15465054.4766287	18015941.2795147	18944113.1137788	14168502.037656	11914305.8935406	13116480.8045551	8539182.41615589
"IRS1:S636_2"	1287787.97989045	1057551.15037289	1321211.62364703	1468834.20078348	690687.44081064	992416.263895487	1036072.70958504	1061936.33319992	1219053.90879948	887823.461220038	952756.739118137	1294548.68845723	1388663.04483893	1584609.30379637	754240.230740328	999429.127845675	1398951.0278279	1248430.97650716	1282460.02801113	1310053.29924874
"IRS1:S792"	NA	7306608.23007837	NA	NA	NA	NA	NA	NA	NA	NA	NA	NA	NA	NA	NA	NA	NA	NA	NA	NA
"JUN:S243"	1088384.30297995	1094748.37285595	NA	874468.977145554	NA	NA	NA	NA	987548.270592899	NA	NA	NA	1582385.20870825	1761674.0841977	1517940.1538555	1706500.4683637	NA	NA	NA	537442.71784475
"JUN:S63"	20250441.9547334	27834146.1858795	25109960.155552	19885139.6803475	12715958.5237923	21392887.591532	18457481.8917906	24222277.7810706	21397101.5253134	21029723.0084734	21687567.5012817	20745093.260795	23472940.3166183	19874070.0520239	19504848.8127587	17714038.9108657	19560694.1630438	31852229.0475026	30614598.5282895	20873904.4785745
"JUN:T91"	NA	NA	NA	NA	NA	NA	NA	NA	5913223.63970192	5788701.34018126	NA	4709059.62077881	9471133.85758311	7478550.26394572	NA	NA	NA	NA	NA	NA
"JUN:T93"	NA	NA	NA	NA	NA	NA	NA	NA	NA	NA	NA	NA	NA	NA	NA	128606.544225798	NA	NA	NA	NA
"LCK:Y394"	24419456.1057163	23391918.6204788	NA	23031991.9135555	15690088.5427626	NA	NA	NA	19738622.5913932	20211009.1729895	20116571.0294414	27865475.2117579	26158022.4364003	23177273.769078	NA	24474191.1124766	19555526.3472206	21845296.4082702	NA	NA
"LMNA:S22"	108452695.51466	89537380.2890237	78612078.0993808	90875817.4873558	35387412.9701346	39989374.425762	46626337.0746736	39876668.6776524	76328322.3309411	80540337.5186521	72808438.4159218	126906466.32858	126499014.274809	109873117.879604	114702729.236919	132487824.656009	48779488.9079356	55707704.6306352	54052207.245801	52510650.4221969
"LRP6:S1490"	5794290.60342799	6043212.87419464	7825977.51759399	5433403.58052011	4094270.80721307	4543221.32944861	9914285.79555599	5598211.52120083	5148914.59271872	6963559.20463853	5120597.26433663	6498166.501297	6482561.20875722	6300055.14007462	6071225.76861575	5694071.57603583	5257025.61383562	8268905.67833973	6273640.56556335	3776090.74893986
"LYN:Y397"	30973973.0923601	29302917.1645906	27311573.0059735	NA	NA	20347504.5380939	22484267.3421425	NA	25238678.45403	26718706.6797831	NA	35194185.8076457	30831332.6393888	30526502.4191995	27444490.4161444	NA	NA	NA	NA	16782604.293583
"MAP2K4:S257"	1743508.39724208	1912185.2614934	2088106.38216059	1594852.34535161	NA	1497697.01690206	2679140.94112067	1335974.98385775	1615940.44501979	1702936.18170049	1499162.05898496	1713919.08015286	2159585.68852221	1737510.33090185	1265135.58366251	1240167.05529401	1790455.32789346	2376096.5682533	2321460.05225886	1244587.54255642
"MAP2K4:S80"	NA	594048.186082872	NA	NA	NA	NA	NA	NA	NA	NA	NA	NA	2245228.1258544	NA	NA	NA	NA	NA	NA	NA
"MAP2K4:T261"	517414.552171546	NA	NA	NA	NA	NA	NA	NA	515222.381419053	575505.842442549	448571.551035751	NA	623076.454997949	512625.627163698	454617.684194047	546366.232553653	NA	NA	818109.2362898	NA
"MAP2K7:S271"	NA	NA	NA	NA	NA	NA	NA	NA	NA	NA	NA	NA	NA	NA	NA	NA	NA	NA	NA	NA
"MAPK11:T180/Y182"	NA	NA	NA	NA	NA	NA	NA	NA	NA	NA	NA	NA	NA	NA	NA	NA	NA	NA	NA	NA
"MAPK3:T202"	NA	178468.652010101	122618.621832751	49887.6912135009	NA	NA	NA	NA	125520.820690652	109740.425028301	47106.5625637507	NA	259370.908759498	146636.625035502	NA	249236.065665201	185789.75338125	NA	NA	NA
"MAPK3:Y204"	19067041.1543585	19717609.1039121	23351227.995431	22403603.8696127	75149.1613174004	NA	24370307.6085529	13711956.7366857	21931840.1729005	NA	17049015.0832411	NA	NA	23348027.2681978	NA	25692240.0256681	20628492.469112	26162667.4537238	NA	18234209.8995701
"MAPK7:T219"	NA	NA	NA	NA	NA	NA	6978283.36188043	NA	NA	NA	4684861.65349304	NA	NA	NA	5644485.26125373	NA	6045828.82962371	NA	NA	NA
"MAPK8:T183"	NA	NA	13544949.3700906	NA	NA	NA	NA	NA	NA	17400562.5338507	15007087.9367287	18475821.2361421	NA	17019939.591757	NA	15794575.9750657	NA	NA	NA	NA
"MAPK9:T183"	NA	6074480.7844729	NA	NA	NA	NA	NA	NA	6095742.38283642	6094173.03726038	NA	6077441.79657441	NA	16310183.5313486	8619079.47347266	5943441.82811984	NA	NA	NA	NA
"MAPKAPK2:T222"	NA	NA	NA	NA	NA	NA	NA	NA	NA	NA	NA	NA	NA	NA	NA	NA	NA	NA	NA	NA
"MAPKAPK2:T334"	NA	NA	NA	5476373.55638115	NA	NA	NA	NA	NA	4633949.36813566	NA	NA	NA	NA	5297282.54442575	8790118.93594998	NA	NA	NA	NA
"MCL1:S64"	3441767.43728945	3175688.68129605	3310589.5405569	3233589.5490676	881380.827898649	3111284.71320035	3195964.76753525	2584525.77978695	3172137.46979829	NA	2589648.5199389	3625685.50999	4273639.58661444	2088781.6681007	2647404.8001598	2721144.6978295	3550516.4566973	4492062.17503411	2541952.62041076	2082505.81014215
"MDM2:S166"	8082526.57061451	9362639.19464152	10321892.9490201	9099779.477062	6911584.00926116	6631548.22713047	3498819.5732836	7525911.72620768	7576047.71878331	9072429.77122776	6367128.46377751	11568311.0382693	11290794.4108467	8184451.96201551	6718065.14754316	9499026.36831287	9651508.42250527	9745991.60291371	8905646.98527053	7642018.71469535
"MEF2A:S408"	10305194.6973848	NA	10564965.0389788	NA	NA	NA	NA	NA	NA	NA	NA	NA	11315059.767387	27932.416044405	11699226.46073	NA	NA	NA	NA	11365150.70823
"MTOR:S2448_1"	1177771.60293849	1337136.1697975	1588025.4748261	1076542.3305148	NA	1324351.47974065	2893617.08847839	841835.360283802	1156689.08081369	1679047.3511454	882406.426045009	1310716.5494225	911625.027351008	896347.420475009	1106015.3774845	169022.865199516	1384521.92004475	3099029.38345093	956196.017113505	1326624.2267955
"MTOR:S2448_2"	927608.971952506	924562.713593396	986015.219395356	630563.472109652	570381.282614362	756641.097376995	1290627.0158848	685490.7974624	754156.818946492	1416118.4138416	684507.213510049	651700.35838401	1026051.66561379	719734.377796008	459210.850447016	474158.048482001	720477.706169729	1169457.12219911	1081455.59805604	673165.77155719
"MTOR:S2481"	NA	NA	NA	NA	NA	NA	NA	NA	NA	NA	NA	NA	NA	NA	NA	NA	NA	NA	NA	NA
"MYC:S62"	NA	NA	NA	NA	NA	NA	NA	NA	NA	NA	NA	NA	NA	NA	NA	NA	NA	NA	NA	NA
"NFKBIA:S32"	NA	NA	627564.436327099	NA	NA	317829.335075504	NA	NA	NA	NA	NA	1300675.06564032	NA	NA	829213.310865782	1031478.03986916	NA	NA	NA	259806.894143998
"NOS3:S1177"	NA	52941.3405542	NA	NA	NA	NA	12036972.6521587	NA	NA	NA	NA	NA	NA	11292381.62613	NA	NA	NA	NA	NA	NA
"p70S6K: T389/S392_1"	NA	NA	NA	NA	NA	NA	NA	NA	NA	NA	NA	NA	NA	NA	NA	NA	NA	NA	NA	NA
"p70S6K: T389/S392_2"	NA	NA	NA	NA	NA	NA	NA	NA	NA	5151242.7572698	3361204.84516957	3818266.55924393	6493932.24100469	5176049.88634797	4926789.61339715	NA	NA	NA	NA	NA
"PAK1:S144"	17734922.4843436	18431121.0521417	16243801.6193205	15333051.6237309	8502971.209875	15506277.7624626	15713121.3594961	13490471.9126471	15679001.083921	17233629.5162398	15526563.1259454	20920084.8803426	17851201.9231889	16973252.7957174	17632394.8182639	17797854.2569967	18974108.7003812	18622599.3381014	17102502.4817475	13453214.0119792
"PFKFB2:S483"	65891524.7860069	73559711.0678345	NA	82278787.3098084	NA	74094965.6299333	NA	52480881.4422516	85981000.9596431	83908265.0955995	62922909.8020828	103934758.556705	NA	NA	95499252.2212908	95138506.0917722	85713305.1817356	96500791.0511265	68921131.3821604	69462677.6386859
"PLCB3:S537"	22714010.5248351	22633772.6785862	NA	25777329.8873532	21960783.2752409	19482512.7270434	19878744.2617271	21528730.9121083	18387625.0006853	21399534.1869447	17932217.150859	32818885.1479219	23798970.0155875	21955895.2677424	NA	27570478.7605087	21642060.4050978	22435774.6777894	NA	23461784.6507222
"PLCG1:S1248"	1288492.97019196	756593.806110316	NA	742324.30955427	NA	235671.024067875	NA	205016.747580401	809200.227148938	NA	733071.845556788	546941.270374302	1151550.62437048	824271.519487846	335942.399390554	419367.745567043	1903247.61669902	1226538.31953336	1085180.97659597	1046506.05422038
"PLCG1:Y783"	3607970.54602103	3846201.70695781	4159308.97992856	3835658.48356449	1716868.91548544	3002650.50752451	NA	NA	4090187.37905846	4949146.54399712	4196641.70225396	5709954.65742725	5617633.41010151	4765653.1393836	4062939.83140724	4495985.80298901	NA	NA	4507908.01421656	2655776.29334435
"PLCG2:Y1217"	NA	NA	NA	NA	NA	NA	NA	NA	NA	NA	NA	NA	NA	NA	NA	NA	NA	NA	NA	NA
"PLCG2:Y759"	5353466.16559356	5563608.02760371	4318769.36163703	2741909.8587342	NA	NA	NA	NA	3071852.7601813	4799498.28630929	NA	8142925.08809461	7013175.52202872	4517973.64237235	5123320.20447849	5008063.61995001	5553256.32903658	3466667.72883021	4876045.66116901	2172636.47195405
"PPP1CA:T320"	NA	NA	NA	NA	NA	82217747.6085934	105447052.739786	66927069.4825246	NA	NA	NA	NA	110750012.620428	NA	241129.5942229	NA	94078197.9901381	NA	NA	76520038.6845267
"PRKAA1:S486"	NA	NA	12858415.3252989	NA	NA	NA	11429000.6463708	NA	12058316.6599224	11859437.8633288	9902321.29302918	12225309.7532395	17682885.8924939	13408106.1958408	12790761.6986189	15088721.6008204	NA	12706886.7246236	NA	NA
"PRKAB1:S108"	3245211.22399953	2988290.68421741	4023031.60470709	2953559.79234605	1806378.8756357	2721164.54621645	4572577.29606638	1939304.15245219	3647340.85325368	4744837.75209313	2318397.66387569	4243256.464691	4719736.30847171	4691696.53213209	3835958.30108599	3957550.83994598	2093212.03746528	3996387.9500329	2863332.99680824	2266384.92040245
"PRKAB1:S182"	1636050.27514315	1151374.44952445	1411780.962833	832783.506544854	16074.8080271497	1143945.84331625	1128456.7320595	752267.232606099	1546890.30636445	1331977.44085645	853460.0769954	1019915.8295785	1714357.9396822	1103276.7314943	886053.470494151	818462.9043542	1430622.3197937	1403751.9225119	1164917.5246647	837587.553292602
"PTK2:Y576"	9700379.1298522	9496454.29839257	8111527.89102289	8085104.42406845	7644212.84866781	6943706.36931652	7283924.89599398	6741626.34716568	7578408.11622469	8748590.67459945	8246251.78776713	12293286.8898164	11470608.9458598	9175305.68090324	10389347.29686	10297717.0882222	9450893.03097404	7808998.95371721	8104591.94941741	6304451.27262957
"PTK2:Y925"	45683641.0742272	42836240.3966709	41063933.3142165	49267157.7318357	NA	NA	55728905.8005325	NA	36432180.8441758	35111816.5317628	49735139.9380995	70296772.7449514	43888238.4504128	47342924.7782525	53789155.2194861	62218411.6653194	35643591.7634452	55581075.5189686	48548072.9827102	44604415.7037257
"PXN:Y118"	46545946.8446364	38474281.522626	45196650.1564333	39116236.886325	39255453.7878302	40138457.6925385	40076183.056696	40552773.3316579	41529864.1480171	43819335.8382517	34949837.7603474	45674664.2579026	49625109.4972403	40617331.0477686	39024424.2415546	41765712.7262776	40427703.7967842	44084639.0779964	42906736.4455761	40605781.0919943
"RAF1:S259"	16211019.5696967	14455195.2313429	16197211.4467857	15518579.3003704	NA	14920108.6138251	24150301.865821	11007334.2825519	15627945.8572816	15833709.0502397	13073196.624381	23425937.7589764	20871430.8815969	15294712.5979182	19470061.6486651	19952052.7103073	16499418.7453121	21373782.4317698	15643891.3780097	13084769.4668505
"RAF1:S289"	NA	12658208.1628462	14852291.0473848	11456313.0518636	NA	NA	20963768.9241331	14341447.6244328	NA	13838179.3002502	12397430.3276861	19485592.7496694	16614565.458677	10826545.7038924	16674869.8279691	15102129.2918176	NA	15893825.3263207	14754164.4079749	11192466.0134459
"RAF1:S296"	NA	NA	NA	NA	NA	NA	NA	NA	NA	NA	NA	NA	NA	NA	NA	NA	NA	NA	NA	NA
"RIPK2:S176"	NA	NA	98110078.0428233	NA	NA	NA	NA	NA	NA	107622364.088356	NA	86251.5450309996	NA	NA	NA	NA	NA	NA	NA	NA
"RPS6:S235"	NA	NA	NA	NA	NA	NA	NA	NA	NA	NA	NA	NA	NA	NA	NA	NA	NA	NA	NA	NA
"RPS6:S240"	NA	NA	NA	NA	NA	NA	NA	NA	NA	NA	NA	NA	NA	NA	NA	NA	NA	NA	NA	NA
"RPS6KA1:T359"	21323360.3827121	18079190.1830124	20549822.7145457	18949309.7136357	NA	18839542.3237962	21855254.6506387	15672196.5209889	21187059.0682822	19981209.0816759	17401010.1372763	24286240.8043571	26159151.5633965	21077352.5367652	21190569.2970892	21340992.7328809	19408990.5128774	21057424.645651	18470486.9867234	16923751.2027168
"RPS6KB1:T444_1"	NA	NA	NA	NA	NA	NA	NA	NA	NA	NA	NA	NA	NA	NA	NA	NA	NA	NA	NA	NA
"RPS6KB1:T444_2"	NA	NA	NA	4211138.19395576	NA	NA	6110862.47972561	5495117.42599745	NA	NA	4036612.26150015	2674836.10603429	NA	4148138.28672951	2509002.6089267	NA	NA	NA	7021861.44431958	5021910.57836713
"SGK3:T320"	NA	NA	NA	NA	NA	NA	NA	NA	NA	NA	NA	NA	NA	NA	NA	NA	NA	NA	NA	NA
"SIRT1:S27"	30459803.7185612	29477713.3835303	26643733.7549331	28927005.0875623	22861455.6065442	25060406.9694325	29927047.524421	27415666.1226286	29804397.0275246	28365437.1044376	28966109.6889458	45085889.6623019	61261460.6381306	44996139.8239836	40492137.4645969	52079299.528616	29017861.8748567	28045736.4758997	29343277.7436438	27449288.2806501
"SIRT1:S47"	21978153.6241723	18273890.5111412	20360125.6218091	15696726.4830248	7179122.35434226	8531444.19496386	19071082.7253098	7360522.68651993	19743669.5200144	19111717.7750285	16930998.6869299	22722874.7594093	25936078.1083874	19592806.3783221	18869012.8496681	21071251.4292981	16571816.4963136	17150859.0184287	15762989.277501	18191567.0113212
"SRC:Y419"	17275757.0213397	14309496.2262263	18480291.1050114	12822758.9395507	13431832.2434213	13620105.7594772	17994981.4820267	13253625.2885507	16507429.2245159	15066404.7950503	12245972.107048	15019185.182116	NA	13746756.9198786	11790038.2377756	13610680.8911358	17462531.0598585	16628235.6680982	16934132.0932239	16242026.8703864
"STAT1:S727"	552132.178780788	660298.054530199	672734.094076786	451421.058213655	654289.729679854	596353.990418241	836600.48891593	522825.101310646	540343.328152517	675987.174925792	558706.924316547	464433.242101499	607203.318363967	633626.532249749	489334.658847009	581006.665942901	946143.341474497	713232.013783977	652764.877581371	390742.927695993
"STAT1:Y701"	2580609.41024956	3319223.99212083	3128356.9226826	3038041.04056956	NA	2190985.07697929	4538176.55399129	NA	NA	2871728.45330814	2024714.76768944	5245634.94243068	2979326.32914365	3040493.21887494	3241327.85132291	3417748.65685996	2225850.59386441	4782251.65033102	NA	NA
"STAT3:Y705"	NA	NA	NA	NA	NA	NA	NA	NA	NA	NA	NA	NA	NA	NA	NA	NA	NA	NA	NA	NA
"STAT5B:S690"	NA	14607174.7683866	NA	NA	NA	13831271.7380934	NA	19434100.9691114	NA	NA	NA	NA	NA	NA	31611803.4869072	37038397.8233765	33843859.7310677	NA	NA	NA
"TAB2:S372"	NA	NA	NA	NA	NA	NA	NA	NA	NA	NA	NA	NA	NA	NA	NA	NA	NA	148754.35593255	NA	NA
"TBC1D4:S318"	NA	NA	NA	NA	NA	NA	NA	NA	NA	NA	NA	NA	NA	NA	NA	NA	NA	NA	NA	NA
"TBC1D4:S588"	58048748.4010886	60042167.4982045	56993514.722581	61164212.8846845	19558014.6068716	55806101.7850583	61940732.7499292	50151090.9068528	54038374.3768044	58250273.6885382	50140808.5930548	69488920.1879458	55937911.7497834	53706611.8091847	57025590.2005485	61798446.3995223	57561045.4441478	63107496.3871556	63870120.8523971	53321331.0285081
"TBC1D4:T642"	NA	NA	NA	NA	NA	NA	NA	NA	NA	NA	NA	NA	NA	NA	NA	NA	NA	NA	NA	NA
"TP53:S15"	NA	NA	NA	NA	NA	NA	NA	NA	NA	NA	NA	NA	NA	NA	NA	NA	NA	NA	NA	NA
"TP53:S315"	33139943.6530756	29668254.0882638	27756107.6638601	28883551.5774807	19628062.6473479	24656014.4182047	28657772.7763246	21048688.718546	26542668.5377787	29365069.3532624	26117674.0774446	37920195.7228793	38141155.0969866	31995489.9295817	31180509.9508962	34220891.6419143	27984234.998042	31007627.9584146	29264039.7051764	26922899.1187031
"TP53:S6"	NA	NA	NA	NA	NA	NA	NA	NA	NA	NA	NA	NA	NA	NA	NA	NA	NA	NA	NA	NA
"TSC2:S1254"	56834037.7338528	49506476.6046189	53341425.4441489	NA	NA	NA	NA	NA	47960822.784431	NA	NA	NA	55043059.329245	NA	NA	NA	NA	NA	NA	NA
"TSC2:S939"	6396746.36499851	4312879.83658686	4623417.69132172	5187835.41913174	5236312.01694615	4710690.25620656	7043442.0052824	4826454.13739656	5432603.69591181	3051311.32991473	4363921.25729024	4002483.91033598	7905090.57836243	4421934.45972227	3065347.44031424	2978613.2321105	9074848.08541248	8042680.35362451	5928078.68121853	6664209.72754669
"TSC2:T1462"	76692163.5585914	74571716.6664081	82679159.0320956	67734054.0568948	78973345.7312676	71262396.0405564	72455950.1650441	72389852.8605208	67633515.1373622	77692448.3343058	69318391.9953527	85674542.783019	100693530.33867	73925552.364506	77403227.345067	80867372.1650475	69360734.5962333	75751995.9085017	79957046.5910097	68710046.3434138
"ZAP70:Y319"	NA	NA	NA	NA	NA	NA	NA	NA	NA	NA	NA	NA	NA	NA	NA	NA	NA	NA	NA	NA
"ZAP70:Y493"	NA	NA	NA	NA	NA	NA	NA	NA	NA	NA	NA	NA	NA	NA	NA	NA	NA	NA	NA	NA
