"Site"	"X10ug_0.05pmolMix_01"	"X10ug_0.05pmolMix_02"	"X10ug_0.05pmolMix_03"	"X10ug_0.05pmolMix_04"	"X2.5ug_0.05pmolMix_01"	"X2.5ug_0.05pmolMix_02"	"X2.5ug_0.05pmolMix_03"	"X2.5ug_0.05pmolMix_04"	"X20ug_0.05pmolMix_01"	"X20ug_0.05pmolMix_02"	"X20ug_0.05pmolMix_03"	"X20ug_0.05pmolMix_04"	"X30ug_0.05pmolMix_01"	"X30ug_0.05pmolMix_03"	"X30ug_0.05pmolMix_03_20220513055138"	"X30ug_0.05pmolMix_04"	"X5ug_0.05pmolMix_01"	"X5ug_0.05pmolMix_02"	"X5ug_0.05pmolMix_03"	"X5ug_0.05pmolMix_04"
"ACACA:S80"	NA	33980.5526438166	NA	33336.2178070817	NA	7897.66689926799	7214.60843635403	13182.594872422	37668.2469866584	40234.6158204185	36885.583438032	37036.5106717081	57279.4981978634	60028.2953562874	78420.3875098536	78751.7176215934	NA	15721.5235507555	NA	NA
"ACLY:S455"	640638.267713086	536525.203891066	639820.396874932	580110.281488584	108775.8720463	143026.281374351	94631.9479901303	160691.151835769	602520.155199197	659780.378992677	630188.725719487	770563.554769538	1155829.51073583	852477.799750693	929860.805556239	969191.367785236	231455.107485365	235999.45088546	271359.314276725	289212.242604814
"AKT1:S129"	NA	NA	145100.476037053	NA	NA	NA	NA	NA	194751.389275488	197239.18843876	177197.05385058	410000.983811829	472944.938091313	201932.618257434	1211428.38387922	721830.719245733	NA	NA	NA	NA
"AKT1:S473"	23531.1679779949	21517.828839023	21734.9460657388	19319.11158272	NA	NA	NA	NA	33532.1927092066	30771.2064346336	27314.1064089301	30164.2467900254	49445.3320293494	39995.4448127897	36035.7869289807	37347.3183142012	NA	10572.033919255	9235.88737160405	NA
"AKT1S1:S183"	2784837.09361213	1247643.81650007	1360597.33622788	762768.903394588	591455.333297664	465059.465984357	707023.039760263	327439.175434631	1432776.27403817	2437869.66875839	1557090.22421134	1523025.0573435	3352042.71548837	2430300.04505062	2270934.53107304	1617572.96403781	876960.428400754	1042153.72611996	1007188.0435623	582544.283027767
"AKT1S1:T246"	6127127.78941466	5366946.23299674	3460597.47893199	6426365.75516832	442194.339475187	612270.332948574	864350.958030768	649429.652545519	7498426.89827562	4683260.81412414	6052833.06559843	8092599.87491973	17365355.4269187	14331372.5024564	12888330.3132423	14916902.9974729	1234788.13888144	1703020.51887767	1411916.11478609	1407232.60450669
"ATF2:T69"	78405.68054	71095.024215455	14782.1824263999	NA	NA	NA	NA	NA	64250.6844601749	11334.2677135099	64931.7158453139	59007.5504083955	105375.195429787	NA	63214.0735750031	81095.2304703267	NA	NA	NA	NA
"ATF2:T71"	1386.86218953001	2091.10240407999	4133.25475928003	NA	NA	0	934.878729300008	0	3338.52523785003	NA	1247.55254860003	4266.00654855498	1691.72248829995	2105.3558798999	8737.95515833005	5696.20547066502	154.772852619993	1093.37392899998	688.375940249999	596.799256229981
"ATM:S1981"	25666.2578407044	24646.478043259	23663.4217961705	19022.60244408	NA	NA	NA	NA	27671.996028343	28087.0905863464	23116.968228591	29239.7784290253	37507.5540631766	37537.9105920713	31845.4045208788	46640.0601495215	NA	688.281299771999	NA	NA
"BCAR1:Y249"	247671.860778265	223196.471278423	211383.036489265	162587.773991559	NA	70937.0064252698	112084.014149033	56026.7951878651	215998.307638364	217781.891796271	173599.897674215	232856.781616907	359519.82719338	295841.188459406	244962.265022291	249740.588255401	97252.444913645	144440.327113945	115499.410610257	92437.029511705
"BCAR1:Y410"	96511.2148065595	87624.8556977167	84083.9782522476	NA	NA	11688.691370415	NA	9382.27812518773	88204.8455664639	92921.3998865608	NA	NA	169648.352987981	146150.627190544	NA	123785.406683267	NA	39575.8488432629	NA	24728.3799281597
"BCL2:T74"	NA	NA	NA	NA	NA	NA	NA	NA	NA	NA	NA	NA	NA	NA	NA	NA	NA	NA	NA	NA
"BCR:Y177"	6272.84135943648	NA	NA	NA	NA	NA	NA	NA	NA	NA	6071.83703617102	12081.016517552	10421.527444876	11469.394650428	11288.621687644	11716.1549545325	NA	NA	NA	NA
"BRAF:S446"	43316.2665177524	41759.9078776496	69655.1016186713	36348.6623062509	NA	27291.2463927749	28453.1779649802	23930.3558202251	98018.8444921532	79010.7141183439	64043.8434387497	87398.0640787993	170783.879800759	NA	59913.4960663021	NA	40268.2902890899	46218.5749044492	36557.7034512949	42779.14590254
"CAMK2D:T287"	17750.3223225899	13561.3474024501	14398.724740445	15392.62360994	8238.11344050499	4463.27506270752	NA	3050.949316725	9886.05087097997	7278.22402954994	10846.09231556	11858.6001638999	13394.0619909499	10826.4918461049	11802.4914050002	11659.9526721499	18526.823907615	7964.32983600498	15910.70573214	6280.60002558005
"CAMK2G:T287"	83112.2623257698	73572.8594376996	65750.3343098495	69669.9386173351	11980.7179936549	13088.76763564	13105.666629395	12296.71166533	67382.14221842	67847.177325845	59910.6672925651	87995.0201878451	121835.63754682	91066.8575792845	109717.76083837	110325.132465141	29034.9505894499	24667.9635399099	28743.042424325	30704.966004035
"CAMKK2:S511"	61591.3305985969	60052.0307756831	50891.43883089	71770.9164136797	NA	46668.3622801649	67685.5101713699	42445.59589174	57738.5495685204	58413.6587136711	54854.1823895031	73493.5732706666	90732.5549261703	77639.9037070283	67287.9972959109	81576.9054438643	50690.3088951848	58562.8816151447	50452.030907525	46476.6843864321
"CAV1:Y14"	97550.7099170009	91035.1703927982	77754.6359095746	NA	NA	20590.3713347951	19171.81585297	14513.897566585	94396.1340189132	85730.9408703107	NA	94337.2344626432	124734.814678685	117735.030310725	129981.337978398	128373.331729067	30947.9425759595	39488.3504899084	33609.7045099347	32868.8152258299
"CHEK1:S280"	175080.979316806	153378.855755676	231789.519017522	155137.398786348	52822.7819960501	48660.4404579815	52467.683357695	54232.4975950761	195447.834663055	214449.714895325	187546.050388756	243043.392662503	311063.895427878	259936.194258785	244933.71797448	293796.405531149	78060.6789680125	88847.9146748872	88417.2716471186	89956.2103807014
"CHEK1:S296"	149540.288736415	127826.984426345	102088.03304877	NA	NA	18701.6614227394	83821.4784927905	NA	178667.650865496	209910.04992599	164709.504254809	215623.727848455	272263.600284084	251527.603096251	241747.758547465	248797.017190075	88610.330623361	97194.074196276	84250.4559282795	68321.2361731204
"CHEK1:S317"	NA	NA	NA	NA	NA	NA	NA	NA	NA	NA	NA	NA	141905.103602332	NA	NA	NA	NA	NA	NA	NA
"CHEK2:S516"	1863.22443975019	NA	NA	NA	NA	1294.13024492491	NA	1487.14919904497	2495.61602899999	NA	NA	NA	NA	NA	NA	NA	NA	NA	NA	NA
"CTNNB1:S45"	53411.2724731901	47347.3372345651	52341.7810529107	20894.9191528296	NA	40731.3401146355	58593.8697174646	26921.4540582726	52248.7607117343	52808.2316787755	39609.2300362206	64862.7148512198	70788.8697264011	49872.8709432649	61046.2265436748	62862.2270355706	NA	44883.777826735	47606.5528867596	31679.6648666799
"CTNNB1:S552"	NA	NA	NA	NA	NA	177000.63119791	183692.868148158	NA	NA	NA	946393.126830038	NA	2000534.44943488	1470185.38981538	1446611.51592596	1571646.20766587	NA	NA	NA	NA
"CYLD:S418"	570349.607014507	493458.50737507	479215.578111117	361250.083632124	NA	NA	715975.218119497	NA	543807.36078827	532064.556046008	396708.547702433	486723.200933524	688179.416809721	555480.238084921	493499.859119434	415304.043359591	515400.563637783	661984.127568156	458672.309373386	354003.676595666
"EGFR:Y998"	1778.05909713827	NA	NA	NA	NA	NA	NA	NA	NA	NA	1047.52750258997	NA	5664.42121137946	NA	NA	NA	NA	NA	NA	NA
"EIF4E:S209"	19207.4049304199	15883.0468740749	NA	NA	NA	NA	NA	10660.2504429999	NA	NA	9674.50685835509	19197.8456705349	NA	NA	NA	NA	NA	12253.4986616	9945.55404076998	12312.4437563
"ERBB2:Y1248"	6174.70900005018	5653.72525920032	NA	NA	NA	NA	NA	NA	NA	6194.07016498423	NA	6559.32424829995	7042.3695256704	10467.4062329994	6490.34290047015	NA	NA	NA	NA	NA
"ERBB3:Y1328"	NA	NA	NA	NA	NA	NA	NA	NA	NA	NA	NA	NA	NA	NA	NA	NA	NA	NA	NA	NA
"FOXO3:S253"	NA	NA	NA	NA	NA	NA	NA	NA	NA	NA	NA	NA	NA	NA	NA	NA	NA	NA	NA	NA
"FOXO3:S294"	35497.4983350984	36051.62728856	29265.1861384685	31291.6538005445	2207.08292863499	2256.25672499399	2952.58667740549	2877.683893592	34532.9179880628	38174.948723424	32829.758640016	52449.829894452	61370.6793114595	56773.6590121541	58790.9465351798	65677.069790214	10202.482255745	12959.864581645	11001.853571075	10014.6853629135
"FOXO3:S413"	4387.70241783648	2177.6569712475	4450.03892512501	4296.0235042795	3317.12539485999	1162.13946491799	659.529673235497	921.387778640987	NA	1069.1859465305	5910.28834512649	3812.44529555301	NA	6892.43645156953	7375.01890055993	8973.85669843096	830.894452135508	413.883458189995	NA	1291.93215295901
"GAB1:S304"	84044.3394066898	86457.4455898534	68077.4155396285	NA	NA	NA	NA	NA	98542.5639879099	113153.99426409	NA	127639.48036183	175681.446273295	328789.733365265	140036.37123781	NA	NA	NA	NA	26654.6289141999
"GAB1:Y627"	NA	457.028343813509	NA	NA	NA	NA	1720.75080887698	NA	NA	NA	NA	NA	1075.34711296504	NA	NA	2655.99335715499	NA	NA	NA	1440.7651606145
"GAB1:Y659"	44463.65819165	40429.6741766802	44615.2669629248	39309.3421237051	NA	9088.17930348994	13545.03221723	8887.012400615	53075.6221356254	55438.9380673696	42095.5077195001	77736.1669403803	79419.3249705606	61678.5142122249	69989.176467495	74389.114515175	31159.0255688451	31105.1921520601	29374.8335424149	23002.58308687
"GAB2:Y452"	NA	NA	NA	NA	NA	NA	NA	NA	1770.62624057701	NA	NA	NA	NA	NA	9378.65274438503	NA	NA	739.878098462003	NA	NA
"GRB10:S476"	203125.654221306	256365.625600935	216247.397529969	198061.904956489	NA	28549.5339576142	85943.6647289182	28970.9301517904	178793.895288018	290291.039227793	204854.884475178	258228.661828595	382521.68242365	388892.409099538	332879.928059779	395606.010788863	70220.8566656469	153949.825109781	91696.7300779926	83006.5014574379
"GSK3A:S21"	1410107.55650827	1049192.80331193	1513108.12856763	1097887.6785775	305841.61821852	311967.022039186	300875.210635836	330795.36805377	2206698.3207156	2076549.07359632	1668532.18792119	1853699.71811456	4063254.36676227	2675772.64718135	2509345.38807329	2487545.63897091	501695.9855836	553374.838035419	562182.377777477	596474.608829936
"GSK3B:S9_1"	NA	NA	NA	NA	NA	NA	NA	NA	NA	NA	NA	NA	NA	NA	NA	NA	NA	NA	NA	NA
"GYS1:S641/S645"	327884.29541567	308650.504118958	267485.827106608	134171.411972908	40663.2325971567	222333.925919277	239754.743997218	207766.748399453	431073.953689602	346018.467471978	410344.888036905	379011.563126807	702578.416473898	571956.002129622	531375.31099932	548240.280682837	240675.490465642	245815.803525444	228597.757815499	70683.6012811145
"HSPB1:S15"	75941.4305400821	82860.8704889352	78348.9293947985	60341.6537171563	11687.4944433002	13776.4676191197	12043.5235823048	11731.3467202798	78942.215751669	90249.7968475526	8875.756853795	99637.4676073897	123853.740439525	116974.809651992	112468.591174964	118174.92208966	9386.27481218923	31544.2809215599	31599.8752710815	28228.2483161208
"HSPB1:S78"	NA	75541.2260089331	NA	NA	NA	NA	NA	NA	NA	NA	NA	NA	NA	NA	NA	NA	NA	NA	NA	NA
"HSPB1:S82"	NA	NA	NA	NA	NA	NA	NA	NA	NA	NA	NA	NA	39568259.8817825	NA	NA	NA	NA	NA	NA	NA
"IGF1R/IR:Y1135"	NA	17148.8333744165	NA	NA	1754.7382502425	NA	NA	NA	NA	14002.6588201828	NA	NA	NA	NA	33636.0358612675	35216.095408411	NA	NA	NA	NA
"IGF1R/IR:Y1135/Y1162"	NA	NA	NA	NA	NA	NA	NA	NA	NA	NA	NA	NA	NA	NA	NA	NA	NA	NA	NA	NA
"IRS1:S1101"	621050.641090644	493696.59462215	638596.539979214	604186.692037781	40721.5962337016	77539.6386737291	52312.5704772975	51909.0938551788	774703.673943534	905093.520197404	841932.500350237	1338205.68437631	1734834.0144619	1116553.92152647	1594848.87021821	1522767.67675146	194217.836199976	157499.973755586	155771.319833747	195580.752072237
"IRS1:S307"	29968.0671221149	28514.634489215	30506.567179738	28537.4242606399	NA	4833.62333225501	8838.90649922002	4525.86239539199	37290.3843643121	36820.7813521651	20928.1836086641	55153.863246541	63422.4231251167	38480.1123826051	59744.8553624999	59673.05459098	9891.52212659595	NA	12694.860002829	11712.654185445
"IRS1:S323_1"	111823.90582427	29196.1244630043	30876.0989564403	33820.93978877	NA	NA	NA	NA	132102.379925025	30930.3723998558	NA	40168.528383885	53448.91683241	45307.2305445893	43156.841050891	55325.1016186814	NA	120363.073625791	NA	NA
"IRS1:S323_2"	NA	NA	NA	NA	NA	NA	NA	NA	NA	NA	NA	NA	6935.502397134	NA	NA	NA	NA	NA	NA	NA
"IRS1:S341_1"	NA	NA	NA	8069.56802639507	NA	NA	NA	NA	NA	NA	NA	NA	93133.830470785	79256.879385335	78805.0332844724	91427.4893156451	NA	NA	NA	NA
"IRS1:S341_2"	NA	NA	34540.776106298	31970.4720233715	NA	NA	NA	NA	42025.615751812	9142.45872411998	36788.1385782776	46530.1190712024	69962.5080533805	51988.3973690309	55952.8730956745	56382.0977716866	NA	3107.06307182052	NA	4114.88920519002
"IRS1:S636_1"	542635.16368594	498265.224220527	449380.501970125	425141.019534814	391766.905332449	338252.724993389	360487.300755428	356217.23040978	451117.282845405	477799.429137163	437005.395541175	591832.194764059	589054.320417306	504420.595123912	514006.251299155	547595.566809454	468779.605663325	415546.304050489	425858.724935115	362198.491478946
"IRS1:S636_2"	26406.7506636505	24318.6761542155	22636.8519243695	30384.030186629	12493.569078275	13984.14591573	16325.3185064535	15512.864357529	31624.4359804075	22069.019531741	25485.153839714	38476.5150115855	42636.0051816365	40228.59917572	28853.1103634875	33263.6664762605	22614.207676209	22691.430118862	20212.0794161925	24634.4564021075
"IRS1:S792"	NA	26664.2025389647	NA	NA	NA	NA	NA	NA	NA	NA	NA	NA	NA	NA	NA	NA	NA	NA	NA	NA
"JUN:S243"	16491.88480942	19875.2164856899	NA	17082.9930286476	NA	NA	NA	NA	19845.1597426659	NA	NA	NA	34443.5143160291	45186.9198382176	35084.874239606	42814.0157964364	NA	NA	NA	5440.499944673
"JUN:S63"	133700.070677437	153623.659259444	131951.345152332	129132.772198816	36482.828422459	29495.5535516809	22650.5596281864	51255.0474734214	155808.986447461	386056.984048836	170296.575427006	151423.370617014	678075.063331158	197116.454069302	199206.714236267	182488.950131284	56489.2162926081	122052.778408333	90768.4361472122	71098.283512038
"JUN:T91"	NA	NA	NA	NA	NA	NA	NA	NA	2880413.17756218	2685535.62678466	NA	2163594.01861066	4816095.35389242	3635128.33344576	NA	NA	NA	NA	NA	NA
"JUN:T93"	NA	NA	NA	NA	NA	NA	NA	NA	NA	NA	NA	NA	NA	NA	NA	9168.8505225648	NA	NA	NA	NA
"LCK:Y394"	560668.183743328	520828.270417659	NA	491986.691526867	112942.161094925	NA	NA	NA	517783.9910577	514608.037133827	517986.02345312	656791.661732629	890182.125175398	744902.417066868	NA	839285.891227617	214362.207414424	270164.554542794	NA	NA
"LMNA:S22"	38033841.579805	30842260.7692839	27887897.6741813	30381114.8707479	2820194.05341738	3608715.72934142	4342814.40023816	3501174.2304817	30232442.7401332	30575444.9892479	28553776.1021336	44898301.654371	64508364.2484814	52277736.9401195	58941511.8062751	64694314.1004446	7368068.52801009	8995038.53111767	8208446.637305	8857607.0115682
"LRP6:S1490"	100914.959482239	94871.9474633833	104614.229630015	78481.5112766972	11329.458672765	15760.829055365	31007.9969411323	19882.0142089315	88192.2093448024	100110.239477638	88693.2626777356	101489.77653334	140694.924505625	131175.490482497	124963.687958822	130336.611807373	27322.2969642399	46750.2876656403	37357.9138905666	28985.942028695
"LYN:Y397"	34119.783959874	31880.661041861	28918.8520997305	NA	NA	4387.835604173	4770.20300874851	NA	34615.4913087055	36368.442351393	NA	44141.6071420746	63179.6803860919	53909.5142773841	51651.5826863281	NA	NA	NA	NA	8219.46017182203
"MAP2K4:S257"	30468.0504158162	19669.0593993199	22377.5331054744	17444.4839725501	NA	3883.16458982989	12754.8704914649	8486.84002005491	28228.1561589406	21076.2785817596	20194.3759123995	32153.4530087002	47438.1470285139	37263.1912880609	24486.8240835008	27237.6246005252	7058.2174827099	10021.1015689849	21021.9525705708	7258.87976915984
"MAP2K4:S80"	NA	535.729023833889	NA	NA	NA	NA	NA	NA	NA	NA	NA	NA	5223.5475035115	NA	NA	NA	NA	NA	NA	NA
"MAP2K4:T261"	9732.80986629995	NA	NA	NA	NA	NA	NA	NA	10263.855206895	10694.4692395349	9241.35825472901	NA	16552.4653547059	15332.3226786689	12535.2210778825	12865.910844974	NA	NA	5468.22920007007	NA
"MAP2K7:S271"	NA	NA	NA	NA	NA	NA	NA	NA	NA	NA	NA	NA	NA	NA	NA	NA	NA	NA	NA	NA
"MAPK11:T180/Y182"	NA	NA	NA	NA	NA	NA	NA	NA	NA	NA	NA	NA	NA	NA	NA	NA	NA	NA	NA	NA
"MAPK3:T202"	NA	2343.03878353891	1292.47513301455	922.693714365011	NA	NA	NA	NA	1512.59675844551	746.786707044	549.520882918996	NA	5163.42805962097	2583.16722196053	NA	5695.41341858001	554.500024352598	NA	NA	NA
"MAPK3:Y204"	318812.311341629	343888.249232052	337979.386975406	358308.009242768	683.621335430013	NA	117543.38762488	79370.47030473	355098.375141507	NA	289397.560763894	NA	NA	479480.685180553	NA	570735.282187362	143310.20220396	194006.088494672	NA	156580.650439781
"MAPK7:T219"	NA	NA	NA	NA	NA	NA	80214.2168490401	NA	NA	NA	74307.532787579	NA	NA	NA	75988.0244335839	NA	76008.9295271982	NA	NA	NA
"MAPK8:T183"	NA	NA	25420.5834323949	NA	NA	NA	NA	NA	NA	29469.7445794052	25695.9786847847	28723.1726870498	NA	39708.9617104352	NA	31868.1929817849	NA	NA	NA	NA
"MAPK9:T183"	NA	3700.16306627446	NA	NA	NA	NA	NA	NA	5587.55213264902	4576.32350263046	NA	5921.49050818392	NA	19238.7382345687	11036.8673224339	12547.508044943	NA	NA	NA	NA
"MAPKAPK2:T222"	NA	NA	NA	NA	NA	NA	NA	NA	NA	NA	NA	NA	NA	NA	NA	NA	NA	NA	NA	NA
"MAPKAPK2:T334"	NA	NA	NA	2307.3483621493	NA	NA	NA	NA	NA	1626.80909391991	NA	NA	NA	NA	2725.55004162849	3165.63505516905	NA	NA	NA	NA
"MCL1:S64"	20974.060448044	17126.118617486	18799.9979771598	23155.239484548	1605.52532895998	8051.57342979497	9305.82222675899	5851.65947790351	22970.6017045965	NA	21485.647966011	31247.390418558	69447.2126082478	44722.4785625621	31486.960573889	34163.8083253831	11215.4841348725	17871.1204133396	8228.23670075651	6104.71117701497
"MDM2:S166"	87027.2293252401	101552.50980241	106914.018077089	95342.2159923549	32748.9084471402	26501.6715605302	22439.0850161101	35059.4309977052	103711.292999014	119352.398735501	84864.3290907186	151928.766857746	205707.36912782	143963.54367776	121057.393791286	179958.6347661	56394.7107607503	60605.5890455098	51659.3753499201	48284.0831222252
"MEF2A:S408"	80971.6402763348	NA	66509.1434090801	NA	NA	NA	NA	NA	NA	NA	NA	NA	136412.753219141	2480.470665249	125676.238237602	NA	NA	NA	NA	33353.3059939021
"MTOR:S2448_1"	165214.721940214	183298.056623379	222950.815348795	154866.249739305	NA	133400.938552308	289344.9096338	82379.1736201902	171738.284671029	239366.00785929	134734.829352851	204527.517813185	148675.959601451	156223.841379752	194483.6390518	31306.632241953	152154.056017056	339209.420030714	98918.1877532956	157446.206140405
"MTOR:S2448_2"	89261.8211416506	90017.3013700396	94320.9737446606	64922.5026298101	20939.6902307004	28913.3995635549	46629.5404563099	30062.6732912351	89596.8577808989	110154.07456471	84092.1163545497	81876.3531483514	147600.788827	96227.9972676513	73954.6690020019	74396.3427952004	37086.8982595891	58703.4191782155	62096.0779744748	40492.0537693744
"MTOR:S2481"	NA	NA	NA	NA	NA	NA	NA	NA	NA	NA	NA	NA	NA	NA	NA	NA	NA	NA	NA	NA
"MYC:S62"	NA	NA	NA	NA	NA	NA	NA	NA	NA	NA	NA	NA	NA	NA	NA	NA	NA	NA	NA	NA
"NFKBIA:S32"	NA	NA	2815.15152106001	NA	NA	1612.380217962	NA	NA	NA	NA	NA	4630.33006159306	NA	NA	4399.33555050758	3326.76402301295	NA	NA	NA	1911.47144172495
"NOS3:S1177"	NA	1400.25270327498	NA	NA	NA	NA	4555.93336486701	NA	NA	NA	NA	NA	NA	20252.890885812	NA	NA	NA	NA	NA	NA
"p70S6K: T389/S392_1"	NA	NA	NA	NA	NA	NA	NA	NA	NA	NA	NA	NA	NA	NA	NA	NA	NA	NA	NA	NA
"p70S6K: T389/S392_2"	NA	NA	NA	NA	NA	NA	NA	NA	NA	38859.9952164576	28571.8441990458	30708.4782305177	40268.5462784899	44519.8096490726	47325.5023860918	NA	NA	NA	NA	NA
"PAK1:S144"	179517.998360619	171162.590686305	145363.15022345	141062.680992589	15327.2232458451	34077.5504697466	28302.8666258695	22765.8991416646	151261.88775419	154890.26922033	140911.501504799	173511.67186328	230546.239549775	212171.866596261	213840.63540731	212863.644165749	61871.5834075045	72085.0715074598	63739.3229818601	52001.9050511248
"PFKFB2:S483"	187612.548266116	182454.243435828	NA	190868.036692744	NA	36371.7431954566	NA	26585.1365638924	177233.72245161	190626.079730367	153501.664069224	252539.766362483	NA	NA	309599.12066596	323987.579416251	59829.4836877425	87859.1786620917	72572.7515598878	75448.3129701437
"PLCB3:S537"	45854.1676319304	45195.42601042	NA	52168.5124636487	7942.06411220504	8608.91051392398	7552.80065799503	9778.79887292432	56621.5842764375	61305.907713404	55421.1511189783	99157.4265304697	102914.11731959	97578.5161134035	NA	122798.320038172	17219.7005632935	21377.6810221039	NA	22371.1418687351
"PLCG1:S1248"	11515.3492173741	11797.3775993477	NA	11247.7968389835	NA	3299.43855546701	NA	2923.7648852303	15633.241038635	NA	12178.1734065923	21974.241081831	19425.351075258	27628.6138529749	25107.1263513991	31550.2181131165	9865.21434446101	5195.78758311863	4291.85164061062	6759.68542348452
"PLCG1:Y783"	20666.2563112401	19611.9525441864	18625.1803012701	16481.540152469	4646.36307608998	9450.75537870501	NA	NA	23207.6660975861	25082.5148503127	24760.7802898999	32539.6010463768	42487.923125463	37937.586928565	31707.6453638369	23689.2728909021	NA	NA	16277.837417175	9533.47062465498
"PLCG2:Y1217"	NA	NA	NA	NA	NA	NA	NA	NA	NA	NA	NA	NA	NA	NA	NA	NA	NA	NA	NA	NA
"PLCG2:Y759"	45555.1669508881	47252.1120259251	35825.3890550059	38863.8218850205	NA	NA	NA	NA	50382.7937189746	57605.5896868553	NA	82852.25723325	98098.4882105522	80363.314609097	92101.9503969803	75097.3121551553	8609.59495646404	30169.7033301851	31768.6977110875	15552.557422285
"PPP1CA:T320"	NA	NA	NA	NA	NA	69457.0334026196	85168.7475972951	58744.2521874728	NA	NA	NA	NA	385667.672761378	NA	3779.32738171001	NA	102087.540582896	NA	NA	112800.316485934
"PRKAA1:S486"	NA	NA	82996.593957265	NA	NA	NA	50000.79406708	NA	73287.6859279294	43134.3456456021	94133.0995245019	102905.277031373	192045.79255496	130276.21560997	115467.340847175	127364.391712626	NA	70405.7858370451	NA	NA
"PRKAB1:S108"	124111.549094361	115503.79440948	148640.099469996	137296.135132616	13922.481460691	27229.789178845	37700.9108489998	19235.9279619799	221294.470488504	277365.514489343	140781.947653494	282854.363189838	370472.685819034	398388.083798982	319105.603081973	381378.855291072	32680.9766272854	64875.2691547332	46461.7797184798	50413.1686402499
"PRKAB1:S182"	101364.53356731	68173.532504995	89699.8286219401	57814.9834100852	240.542922579996	20084.1173037805	13816.447245312	14917.0834449935	135499.860961035	118744.376745065	74464.868103415	95443.8242497999	209457.330306125	136906.099697205	109951.0337412	107090.33462688	38109.3410528089	37163.547821995	32296.1507232605	29173.3458892031
"PTK2:Y576"	327136.117001351	302548.331907939	264986.085293652	252476.873097982	50086.1911194656	55676.6735234656	51981.1297511029	51251.8745387856	293173.910068669	320066.17893401	312933.380179509	408746.924647145	596798.325522452	469551.918076018	516860.661780723	517135.18800024	121135.422377024	112886.751407596	113080.408982885	98950.7941922677
"PTK2:Y925"	17439.098829067	17716.772026275	16304.9281503615	32900.9614643501	NA	NA	16581.225204972	NA	13114.2914215024	20969.092931675	37080.778280997	29359.055110262	37041.9925747786	48996.0700018259	40838.2602814945	54917.9264747961	6707.31275462501	16222.136574438	11348.4524379575	9190.552679481
"PXN:Y118"	1068643.13428374	850140.422010577	949627.304444809	823952.621029775	205209.165423665	250808.115389905	217935.23479204	241808.93596134	1021919.58217718	1020200.25924911	827940.682403573	1024502.73653592	1642739.52901145	1255628.65982228	1218154.28818782	1326705.47600975	381285.710122671	446694.89299049	415329.772583425	430416.75019238
"RAF1:S259"	1197873.39621751	1081932.85846224	1081917.86095157	1248151.58776642	NA	278655.392672163	385072.702464024	215713.975775124	1465183.20306865	1398232.39472441	1169854.86069273	1975204.01535469	2651117.69969455	1924208.87366108	2242818.33010295	2509409.26699565	466460.368787689	658630.662457493	486577.564467602	519668.106490686
"RAF1:S289"	NA	1857574.14261475	1838090.34293748	1702477.90875748	NA	NA	2142693.38077739	1586291.79879765	NA	1790423.30329251	1761872.79600428	2303461.25093004	2173904.44735799	1582368.8697182	2088151.30654836	2068340.381152	NA	1942620.7945929	1882468.27881106	1513322.64837271
"RAF1:S296"	NA	NA	NA	NA	NA	NA	NA	NA	NA	NA	NA	NA	NA	NA	NA	NA	NA	NA	NA	NA
"RIPK2:S176"	NA	NA	28459.9944123138	NA	NA	NA	NA	NA	NA	28153.136380608	NA	602.282385799988	NA	NA	NA	NA	NA	NA	NA	NA
"RPS6:S235"	NA	NA	NA	NA	NA	NA	NA	NA	NA	NA	NA	NA	NA	NA	NA	NA	NA	NA	NA	NA
"RPS6:S240"	NA	NA	NA	NA	NA	NA	NA	NA	NA	NA	NA	NA	NA	NA	NA	NA	NA	NA	NA	NA
"RPS6KA1:T359"	462730.30871738	386876.150273885	390366.821864347	406777.158533679	NA	110146.207572635	123920.946292745	91499.4311614099	372018.477281846	323086.41894575	320785.528302762	434195.869141054	602877.658471299	495492.948080875	510769.780493942	525442.92167389	156198.26435219	184501.49580612	169658.9907668	182016.704138846
"RPS6KB1:T444_1"	NA	NA	NA	NA	NA	NA	NA	NA	NA	NA	NA	NA	NA	NA	NA	NA	NA	NA	NA	NA
"RPS6KB1:T444_2"	NA	NA	NA	17279.7039197355	NA	NA	9363.24908801662	6399.8577223892	NA	NA	11462.4852602472	16491.0629802467	NA	12721.9455085931	20626.7016301805	NA	NA	NA	8538.78723234024	9634.11905106378
"SGK3:T320"	NA	NA	NA	NA	NA	NA	NA	NA	NA	NA	NA	NA	NA	NA	NA	NA	NA	NA	NA	NA
"SIRT1:S27"	342107.428143547	299540.32163346	263996.437135748	275536.108694417	47005.883144545	62494.271499588	69233.118164172	63283.1138715796	491686.989814708	417379.209122223	394172.15186289	561996.192678534	1565191.88290508	914325.370899769	881323.725567223	1065341.69414079	119464.852588925	120940.408465156	120759.479413252	122442.513131986
"SIRT1:S47"	228981.254350699	192756.714083985	202274.40211782	162258.64242379	20576.0634000199	24839.9296154901	49691.5014706249	22116.3783046949	229824.33948844	219395.75376966	180768.399508945	251313.714410465	392261.96259891	286307.96201025	292378.45114242	329991.622631715	81271.295548865	85543.8148921449	74832.8497398649	98518.0590996
"SRC:Y419"	5339.69584293499	2524.70340308998	4738.16033216998	2608.89753950499	3065.54722683499	3423.69843198	2931.157654245	4043.22785963	3309.63788385001	3986.562250515	2248.26437079	2746.60168693	NA	2695.821263775	2764.86318559699	2459.89227098953	4540.905987535	3318.10890562	4618.87969124	3976.67446164501
"STAT1:S727"	95919.1880423277	111431.89586644	110825.166478998	84474.5387685555	32333.2085638902	36226.8730068344	42239.248907429	31713.3459737697	89622.554316028	109298.506993054	92513.9904546689	75829.2863129998	109777.067478869	126952.784871308	93022.7783300967	123020.972134147	66458.7064650399	59097.3260347382	55356.3314526617	41463.1210650862
"STAT1:Y701"	59954.7031348312	93781.9773813171	49462.6650254871	91531.3005035633	NA	20531.576509786	35556.863338405	NA	NA	129075.197232548	81622.469268527	285540.005601679	101389.609398943	118273.630601426	146145.293131117	199325.586011736	37639.42508265	62703.6444666168	NA	NA
"STAT3:Y705"	NA	NA	NA	NA	NA	NA	NA	NA	NA	NA	NA	NA	NA	NA	NA	NA	NA	NA	NA	NA
"STAT5B:S690"	NA	15991.980843385	NA	NA	NA	4036.51643501	NA	4129.92208349501	NA	NA	NA	NA	NA	NA	39540.2270054509	46342.8539800397	7643.82266320046	NA	NA	NA
"TAB2:S372"	NA	NA	NA	NA	NA	NA	NA	NA	NA	NA	NA	NA	NA	NA	NA	NA	NA	22284.8939997625	NA	NA
"TBC1D4:S318"	NA	NA	NA	NA	NA	NA	NA	NA	NA	NA	NA	NA	NA	NA	NA	NA	NA	NA	NA	NA
"TBC1D4:S588"	782626.881829624	765023.807336218	690454.985101173	723884.833942243	49475.1868366556	184407.524169497	181883.711941629	154810.334695866	700789.853586652	743452.231504131	674953.007743479	865984.261157599	1028126.45593829	956466.361300978	1023162.74759804	1105191.67101899	281459.04252892	353932.604755011	340288.831085166	304563.479045885
"TBC1D4:T642"	NA	NA	NA	NA	NA	NA	NA	NA	NA	NA	NA	NA	NA	NA	NA	NA	NA	NA	NA	NA
"TP53:S15"	NA	NA	NA	NA	NA	NA	NA	NA	NA	NA	NA	NA	NA	NA	NA	NA	NA	NA	NA	NA
"TP53:S315"	402649.72458584	341453.924541325	340245.718288015	341865.43874264	51696.020483625	75306.769421085	87711.41960855	64621.272237925	466656.563424987	512053.768855615	455677.01479587	594058.444195385	939900.916880233	714955.984764085	737878.004422512	776154.491058335	151460.66960981	168201.274436715	159430.52081766	150745.72442523
"TP53:S6"	NA	NA	NA	NA	NA	NA	NA	NA	NA	NA	NA	NA	NA	NA	NA	NA	NA	NA	NA	NA
"TSC2:S1254"	16321.2437507775	14382.312548823	14522.2065416181	NA	NA	NA	NA	NA	9060.35191645149	NA	NA	NA	17784.68477045	NA	NA	NA	NA	NA	NA	NA
"TSC2:S939"	56182.1564701575	40171.4827654198	39800.7897520955	45786.2414294422	11319.025489165	11670.033648534	14909.115782255	10142.4139887855	60764.7892897049	32501.9855013625	47600.3228223812	46271.7675345862	115283.334703836	66478.6265145966	50383.2689171699	52932.1479004116	34186.81069899	31025.9234285693	22513.898764514	28264.882721465
"TSC2:T1462"	273813.548340362	249676.251327561	271346.298298703	213948.805269327	81904.0930696731	59595.1311123789	59118.3544361228	61520.8091959502	255700.020376318	275427.813413366	258032.672526977	297918.451594786	539524.977030427	376603.151001966	415900.455446075	404780.482384925	94639.706768421	108669.166106679	110678.266462646	110284.127660298
"ZAP70:Y319"	NA	NA	NA	NA	NA	NA	NA	NA	NA	NA	NA	NA	NA	NA	NA	NA	NA	NA	NA	NA
"ZAP70:Y493"	NA	NA	NA	NA	NA	NA	NA	NA	NA	NA	NA	NA	NA	NA	NA	NA	NA	NA	NA	NA
