(434.881286, 432.209886) 	 4404 	 IT=79;116 
(434.881286, 432.209886) 	 4418 	 IT=48;116 
(434.881286, 432.209886) 	 4432 	 IT=41;116 
(434.881286, 432.209886) 	 4446 	 IT=43;116 
(434.881286, 432.209886) 	 4460 	 IT=45;116 
(434.881286, 432.209886) 	 4474 	 IT=55;116 
(434.881286, 432.209886) 	 4488 	 IT=59;116 
(434.881286, 432.209886) 	 4502 	 IT=60;116 
(434.881286, 432.209886) 	 4516 	 IT=70;116 
(434.881286, 432.209886) 	 4530 	 IT=74;116 
(434.881286, 432.209886) 	 4544 	 IT=86;116 
(434.881286, 432.209886) 	 4558 	 IT=87;116 
(434.881286, 432.209886) 	 4572 	 IT=97;116 
(434.881286, 432.209886) 	 4586 	 IT=104;116 
(434.881286, 432.209886) 	 4600 	 IT=100;116 
(434.881286, 432.209886) 	 4614 	 IT=113;116 
(434.881286, 432.209886) 	 4628 	 IT=110;116 
(434.881286, 432.209886) 	 4642 	 IT=116;116 
(434.881286, 432.209886) 	 4656 	 IT=116;116 
(434.881286, 432.209886) 	 4670 	 IT=116;116 
(434.881286, 432.209886) 	 4684 	 IT=116;116 
(434.881286, 432.209886) 	 4698 	 IT=116;116 
(434.881286, 432.209886) 	 4712 	 IT=116;116 
(434.881286, 432.209886) 	 4726 	 IT=116;116 
(434.881286, 432.209886) 	 4740 	 IT=116;116 
(434.881286, 432.209886) 	 4754 	 IT=116;116 
(434.881286, 432.209886) 	 4768 	 IT=116;116 
(434.881286, 432.209886) 	 4782 	 IT=116;116 
(434.881286, 432.209886) 	 4796 	 IT=116;116 
(434.881286, 432.209886) 	 4811 	 IT=116;116 
(434.881286, 432.209886) 	 4826 	 IT=116;116 
(434.881286, 432.209886) 	 4841 	 IT=116;116 
(434.881286, 432.209886) 	 4858 	 IT=116;116 
(560.267902, 556.260803) 	 4797 	 IT=64;116 
(560.267902, 556.260803) 	 4812 	 IT=36;116 
(560.267902, 556.260803) 	 4827 	 IT=32;116 
(560.267902, 556.260803) 	 4842 	 IT=30;116 
(560.267902, 556.260803) 	 4859 	 IT=36;116 
(560.267902, 556.260803) 	 4873 	 IT=38;116 
(560.267902, 556.260803) 	 4888 	 IT=42;116 
(560.267902, 556.260803) 	 4903 	 IT=47;116 
(560.267902, 556.260803) 	 4919 	 IT=52;116 
(560.267902, 556.260803) 	 4933 	 IT=60;116 
(560.267902, 556.260803) 	 4948 	 IT=66;116 
(560.267902, 556.260803) 	 4963 	 IT=69;116 
(560.267902, 556.260803) 	 4978 	 IT=75;116 
(560.267902, 556.260803) 	 4993 	 IT=84;116 
(560.267902, 556.260803) 	 5008 	 IT=86;116 
(560.267902, 556.260803) 	 5026 	 IT=99;116 
(560.267902, 556.260803) 	 5042 	 IT=116;116 
(560.267902, 556.260803) 	 5059 	 IT=107;116 
(560.267902, 556.260803) 	 5076 	 IT=116;116 
(560.267902, 556.260803) 	 5094 	 IT=116;116 
(560.267902, 556.260803) 	 5109 	 IT=116;116 
(560.267902, 556.260803) 	 5126 	 IT=116;116 
(560.267902, 556.260803) 	 5142 	 IT=116;116 
(560.267902, 556.260803) 	 5157 	 IT=116;116 
(560.267902, 556.260803) 	 5174 	 IT=116;116 
(560.267902, 556.260803) 	 5192 	 IT=116;116 
(560.267902, 556.260803) 	 5207 	 IT=116;116 
(560.267902, 556.260803) 	 5224 	 IT=116;116 
(560.267902, 556.260803) 	 5240 	 IT=116;116 
(560.267902, 556.260803) 	 5258 	 IT=116;116 
(560.267902, 556.260803) 	 5275 	 IT=116;116 
(560.267902, 556.260803) 	 5291 	 IT=116;116 
(560.267902, 556.260803) 	 5307 	 IT=116;116 
(560.267902, 556.260803) 	 5322 	 IT=116;116 
(560.267902, 556.260803) 	 5338 	 IT=116;116 
(560.267902, 556.260803) 	 5354 	 IT=116;116 
(560.267902, 556.260803) 	 5371 	 IT=116;116 
(560.267902, 556.260803) 	 5386 	 IT=116;116 
(560.267902, 556.260803) 	 5405 	 IT=116;116 
(560.267902, 556.260803) 	 5422 	 IT=116;116 
(560.267902, 556.260803) 	 5440 	 IT=116;116 
(560.267902, 556.260803) 	 5459 	 IT=116;116 
(560.267902, 556.260803) 	 5476 	 IT=116;116 
(560.267902, 556.260803) 	 5494 	 IT=116;116 
(560.267902, 556.260803) 	 5511 	 IT=116;116 
(560.267902, 556.260803) 	 5528 	 IT=116;116 
(560.267902, 556.260803) 	 5545 	 IT=116;116 
(560.267902, 556.260803) 	 5594 	 IT=116;116 
(560.267902, 556.260803) 	 5610 	 IT=116;116 
(709.284578, 705.277478) 	 4857 	 IT=116;116 
(709.284578, 705.277478) 	 4872 	 IT=116;116 
(709.284578, 705.277478) 	 4887 	 IT=116;116 
(709.284578, 705.277478) 	 4902 	 IT=116;116 
(709.284578, 705.277478) 	 4918 	 IT=116;116 
(709.284578, 705.277478) 	 4932 	 IT=116;116 
(709.284578, 705.277478) 	 4947 	 IT=116;116 
(709.284578, 705.277478) 	 4962 	 IT=116;116 
(709.284578, 705.277478) 	 4977 	 IT=116;116 
(709.284578, 705.277478) 	 4992 	 IT=116;116 
(709.284578, 705.277478) 	 5007 	 IT=116;116 
(709.284578, 705.277478) 	 5023 	 IT=116;116 
(709.284578, 705.277478) 	 5039 	 IT=116;116 
(709.284578, 705.277478) 	 5056 	 IT=116;116 
(709.284578, 705.277478) 	 5073 	 IT=116;116 
(709.284578, 705.277478) 	 5091 	 IT=116;116 
(709.284578, 705.277478) 	 5107 	 IT=116;116 
(709.284578, 705.277478) 	 5124 	 IT=116;116 
(709.284578, 705.277478) 	 5140 	 IT=116;116 
(709.284578, 705.277478) 	 5155 	 IT=116;116 
(709.284578, 705.277478) 	 5171 	 IT=116;116 
(709.284578, 705.277478) 	 5189 	 IT=116;116 
(709.284578, 705.277478) 	 5237 	 IT=116;116 
(709.284578, 705.277478) 	 5255 	 IT=116;116 
(564.739087, 559.734952) 	 5172 	 IT=116;116 
(564.739087, 559.734952) 	 5190 	 IT=94;116 
(564.739087, 559.734952) 	 5205 	 IT=99;116 
(564.739087, 559.734952) 	 5222 	 IT=85;116 
(564.739087, 559.734952) 	 5238 	 IT=85;116 
(564.739087, 559.734952) 	 5256 	 IT=104;116 
(564.739087, 559.734952) 	 5273 	 IT=116;116 
(564.739087, 559.734952) 	 5290 	 IT=116;116 
(564.739087, 559.734952) 	 5306 	 IT=116;116 
(564.739087, 559.734952) 	 5321 	 IT=116;116 
(564.739087, 559.734952) 	 5337 	 IT=116;116 
(564.739087, 559.734952) 	 5353 	 IT=116;116 
(564.739087, 559.734952) 	 5370 	 IT=116;116 
(564.739087, 559.734952) 	 5385 	 IT=116;116 
(564.739087, 559.734952) 	 5403 	 IT=116;116 
(564.739087, 559.734952) 	 5420 	 IT=116;116 
(564.739087, 559.734952) 	 5438 	 IT=116;116 
(564.739087, 559.734952) 	 5457 	 IT=116;116 
(564.739087, 559.734952) 	 5492 	 IT=116;116 
(367.931562, 365.429495) 	 5272 	 IT=20;116 
(367.931562, 365.429495) 	 5289 	 IT=14;116 
(367.931562, 365.429495) 	 5305 	 IT=12;116 
(367.931562, 365.429495) 	 5320 	 IT=12;116 
(367.931562, 365.429495) 	 5336 	 IT=15;116 
(367.931562, 365.429495) 	 5352 	 IT=16;116 
(367.931562, 365.429495) 	 5369 	 IT=19;116 
(367.931562, 365.429495) 	 5384 	 IT=22;116 
(367.931562, 365.429495) 	 5402 	 IT=27;116 
(367.931562, 365.429495) 	 5419 	 IT=27;116 
(367.931562, 365.429495) 	 5437 	 IT=35;116 
(367.931562, 365.429495) 	 5456 	 IT=34;116 
(367.931562, 365.429495) 	 5474 	 IT=51;116 
(367.931562, 365.429495) 	 5491 	 IT=43;116 
(367.931562, 365.429495) 	 5509 	 IT=67;116 
(367.931562, 365.429495) 	 5526 	 IT=70;116 
(367.931562, 365.429495) 	 5543 	 IT=68;116 
(367.931562, 365.429495) 	 5559 	 IT=85;116 
(367.931562, 365.429495) 	 5577 	 IT=84;116 
(367.931562, 365.429495) 	 5592 	 IT=95;116 
(367.931562, 365.429495) 	 5608 	 IT=99;116 
(367.931562, 365.429495) 	 5625 	 IT=116;116 
(367.931562, 365.429495) 	 5642 	 IT=116;116 
(367.931562, 365.429495) 	 5657 	 IT=116;116 
(367.931562, 365.429495) 	 5675 	 IT=116;116 
(367.931562, 365.429495) 	 5692 	 IT=116;116 
(595.2942, 592.622684) 	 5025 	 IT=116;116 
(595.2942, 592.622684) 	 5041 	 IT=116;116 
(595.2942, 592.622684) 	 5058 	 IT=47;116 
(595.2942, 592.622684) 	 5075 	 IT=43;116 
(595.2942, 592.622684) 	 5093 	 IT=59;116 
(595.2942, 592.622684) 	 5108 	 IT=96;116 
(595.2942, 592.622684) 	 5125 	 IT=111;116 
(595.2942, 592.622684) 	 5141 	 IT=116;116 
(595.2942, 592.622684) 	 5156 	 IT=116;116 
(595.2942, 592.622684) 	 5173 	 IT=116;116 
(595.2942, 592.622684) 	 5191 	 IT=116;116 
(595.2942, 592.622684) 	 5206 	 IT=116;116 
(595.2942, 592.622684) 	 5223 	 IT=116;116 
(595.2942, 592.622684) 	 5239 	 IT=116;116 
(595.2942, 592.622684) 	 5257 	 IT=116;116 
(595.2942, 592.622684) 	 5274 	 IT=116;116 
(462.209402, 459.538003) 	 5404 	 IT=112;116 
(462.209402, 459.538003) 	 5421 	 IT=49;116 
(462.209402, 459.538003) 	 5439 	 IT=28;116 
(462.209402, 459.538003) 	 5458 	 IT=15;116 
(462.209402, 459.538003) 	 5475 	 IT=15;116 
(462.209402, 459.538003) 	 5493 	 IT=14;116 
(462.209402, 459.538003) 	 5510 	 IT=17;116 
(462.209402, 459.538003) 	 5527 	 IT=16;116 
(462.209402, 459.538003) 	 5544 	 IT=21;116 
(462.209402, 459.538003) 	 5560 	 IT=21;116 
(462.209402, 459.538003) 	 5578 	 IT=23;116 
(462.209402, 459.538003) 	 5593 	 IT=24;116 
(462.209402, 459.538003) 	 5609 	 IT=29;116 
(462.209402, 459.538003) 	 5626 	 IT=30;116 
(462.209402, 459.538003) 	 5643 	 IT=34;116 
(462.209402, 459.538003) 	 5659 	 IT=37;116 
(462.209402, 459.538003) 	 5678 	 IT=41;116 
(462.209402, 459.538003) 	 5695 	 IT=58;116 
(462.209402, 459.538003) 	 5712 	 IT=63;116 
(462.209402, 459.538003) 	 5729 	 IT=73;116 
(462.209402, 459.538003) 	 5746 	 IT=72;116 
(462.209402, 459.538003) 	 5762 	 IT=82;116 
(462.209402, 459.538003) 	 5778 	 IT=89;116 
(462.209402, 459.538003) 	 5794 	 IT=98;116 
(462.209402, 459.538003) 	 5809 	 IT=98;116 
(462.209402, 459.538003) 	 5824 	 IT=116;116 
(462.209402, 459.538003) 	 5840 	 IT=116;116 
(462.209402, 459.538003) 	 5854 	 IT=116;116 
(462.209402, 459.538003) 	 5869 	 IT=116;116 
(462.209402, 459.538003) 	 5884 	 IT=116;116 
(462.209402, 459.538003) 	 5899 	 IT=116;116 
(462.209402, 459.538003) 	 5914 	 IT=116;116 
(462.209402, 459.538003) 	 5929 	 IT=116;116 
(462.209402, 459.538003) 	 5944 	 IT=116;116 
(462.209402, 459.538003) 	 5959 	 IT=116;116 
(462.209402, 459.538003) 	 5974 	 IT=116;116 
(462.209402, 459.538003) 	 5989 	 IT=116;116 
(462.209402, 459.538003) 	 6004 	 IT=116;116 
(462.209402, 459.538003) 	 6019 	 IT=116;116 
(462.209402, 459.538003) 	 6034 	 IT=116;116 
(570.73347, 565.729336) 	 5401 	 IT=116;116 
(570.73347, 565.729336) 	 5418 	 IT=116;116 
(570.73347, 565.729336) 	 5436 	 IT=116;116 
(570.73347, 565.729336) 	 5455 	 IT=116;116 
(570.73347, 565.729336) 	 5473 	 IT=74;116 
(570.73347, 565.729336) 	 5490 	 IT=50;116 
(570.73347, 565.729336) 	 5508 	 IT=47;116 
(570.73347, 565.729336) 	 5525 	 IT=50;116 
(570.73347, 565.729336) 	 5542 	 IT=50;116 
(570.73347, 565.729336) 	 5558 	 IT=59;116 
(570.73347, 565.729336) 	 5576 	 IT=63;116 
(570.73347, 565.729336) 	 5591 	 IT=62;116 
(570.73347, 565.729336) 	 5607 	 IT=70;116 
(570.73347, 565.729336) 	 5624 	 IT=75;116 
(570.73347, 565.729336) 	 5641 	 IT=85;116 
(570.73347, 565.729336) 	 5656 	 IT=88;116 
(570.73347, 565.729336) 	 5674 	 IT=100;116 
(570.73347, 565.729336) 	 5691 	 IT=116;116 
(570.73347, 565.729336) 	 5709 	 IT=116;116 
(570.73347, 565.729336) 	 5726 	 IT=116;116 
(570.73347, 565.729336) 	 5743 	 IT=116;116 
(570.73347, 565.729336) 	 5760 	 IT=116;116 
(570.73347, 565.729336) 	 5776 	 IT=116;116 
(570.73347, 565.729336) 	 5792 	 IT=116;116 
(570.73347, 565.729336) 	 5808 	 IT=116;116 
(570.73347, 565.729336) 	 5823 	 IT=116;116 
(570.73347, 565.729336) 	 5839 	 IT=116;116 
(570.73347, 565.729336) 	 5853 	 IT=116;116 
(570.73347, 565.729336) 	 5868 	 IT=116;116 
(570.73347, 565.729336) 	 5883 	 IT=116;116 
(570.73347, 565.729336) 	 5898 	 IT=116;116 
(570.73347, 565.729336) 	 5913 	 IT=116;116 
(570.73347, 565.729336) 	 5928 	 IT=116;116 
(570.73347, 565.729336) 	 5943 	 IT=116;116 
(570.73347, 565.729336) 	 5958 	 IT=116;116 
(570.73347, 565.729336) 	 5973 	 IT=116;116 
(570.73347, 565.729336) 	 5988 	 IT=116;116 
(570.73347, 565.729336) 	 6003 	 IT=116;116 
(570.73347, 565.729336) 	 6018 	 IT=116;116 
(570.73347, 565.729336) 	 6033 	 IT=116;116 
(570.73347, 565.729336) 	 6048 	 IT=116;116 
(570.73347, 565.729336) 	 6062 	 IT=116;116 
(570.73347, 565.729336) 	 6088 	 IT=116;116 
(570.73347, 565.729336) 	 6102 	 IT=116;116 
(570.73347, 565.729336) 	 6128 	 IT=116;116 
(570.73347, 565.729336) 	 6154 	 IT=116;116 
(570.73347, 565.729336) 	 6168 	 IT=116;116 
(570.73347, 565.729336) 	 6194 	 IT=116;116 
(570.73347, 565.729336) 	 6220 	 IT=116;116 
(570.73347, 565.729336) 	 6234 	 IT=116;116 
(570.73347, 565.729336) 	 6249 	 IT=116;116 
(595.2941, 592.622684) 	 5024 	 IT=116;116 
(595.2941, 592.622684) 	 5040 	 IT=116;116 
(595.2941, 592.622684) 	 5057 	 IT=47;116 
(595.2941, 592.622684) 	 5074 	 IT=43;116 
(595.2941, 592.622684) 	 5092 	 IT=59;116 
(448.194502, 444.187402) 	 5676 	 IT=116;116 
(448.194502, 444.187402) 	 5693 	 IT=116;116 
(448.194502, 444.187402) 	 5710 	 IT=116;116 
(448.194502, 444.187402) 	 5727 	 IT=116;116 
(448.194502, 444.187402) 	 5744 	 IT=116;116 
(448.194502, 444.187402) 	 5761 	 IT=116;116 
(448.194502, 444.187402) 	 5777 	 IT=116;116 
(448.194502, 444.187402) 	 5793 	 IT=116;116 
(714.8341, 710.827038) 	 6235 	 IT=116;116 
(714.8341, 710.827038) 	 6250 	 IT=116;116 
(714.8341, 710.827038) 	 6264 	 IT=116;116 
(714.8341, 710.827038) 	 6278 	 IT=116;116 
(714.8341, 710.827038) 	 6292 	 IT=116;116 
(714.8341, 710.827038) 	 6306 	 IT=116;116 
(714.8341, 710.827038) 	 6320 	 IT=116;116 
(714.8341, 710.827038) 	 6334 	 IT=116;116 
(714.8341, 710.827038) 	 6348 	 IT=116;116 
(714.8341, 710.827038) 	 6362 	 IT=116;116 
(714.8341, 710.827038) 	 6376 	 IT=116;116 
(714.8341, 710.827038) 	 6390 	 IT=116;116 
(714.8341, 710.827038) 	 6404 	 IT=116;116 
(714.8341, 710.827038) 	 6418 	 IT=101;116 
(714.8341, 710.827038) 	 6432 	 IT=97;116 
(714.8341, 710.827038) 	 6446 	 IT=88;116 
(714.8341, 710.827038) 	 6460 	 IT=83;116 
(714.8341, 710.827038) 	 6474 	 IT=80;116 
(714.8341, 710.827038) 	 6488 	 IT=77;116 
(714.8341, 710.827038) 	 6502 	 IT=71;116 
(714.8341, 710.827038) 	 6516 	 IT=65;116 
(714.8341, 710.827038) 	 6530 	 IT=68;116 
(714.8341, 710.827038) 	 6544 	 IT=65;116 
(714.8341, 710.827038) 	 6558 	 IT=59;116 
(714.8341, 710.827038) 	 6572 	 IT=64;116 
(714.8341, 710.827038) 	 6586 	 IT=68;116 
(714.8341, 710.827038) 	 6600 	 IT=67;116 
(714.8341, 710.827038) 	 6614 	 IT=68;116 
(714.8341, 710.827038) 	 6628 	 IT=73;116 
(714.8341, 710.827038) 	 6642 	 IT=76;116 
(714.8341, 710.827038) 	 6656 	 IT=75;116 
(714.8341, 710.827038) 	 6670 	 IT=73;116 
(714.8341, 710.827038) 	 6684 	 IT=81;116 
(714.8341, 710.827038) 	 6698 	 IT=83;116 
(714.8341, 710.827038) 	 6712 	 IT=89;116 
(714.8341, 710.827038) 	 6726 	 IT=91;116 
(714.8341, 710.827038) 	 6740 	 IT=92;116 
(714.8341, 710.827038) 	 6754 	 IT=102;116 
(714.8341, 710.827038) 	 6768 	 IT=100;116 
(714.8341, 710.827038) 	 6783 	 IT=107;116 
(714.8341, 710.827038) 	 6798 	 IT=116;116 
(714.8341, 710.827038) 	 6813 	 IT=116;116 
(714.8341, 710.827038) 	 6828 	 IT=116;116 
(714.8341, 710.827038) 	 6843 	 IT=116;116 
(714.8341, 710.827038) 	 6858 	 IT=116;116 
(714.8341, 710.827038) 	 6873 	 IT=116;116 
(714.8341, 710.827038) 	 6888 	 IT=116;116 
(714.8341, 710.827038) 	 6903 	 IT=116;116 
(714.8341, 710.827038) 	 6918 	 IT=116;116 
(714.8341, 710.827038) 	 6933 	 IT=116;116 
(714.8341, 710.827038) 	 6948 	 IT=116;116 
(714.8341, 710.827038) 	 6963 	 IT=116;116 
(714.8341, 710.827038) 	 6978 	 IT=116;116 
(714.8341, 710.827038) 	 6993 	 IT=116;116 
(714.8341, 710.827038) 	 7008 	 IT=116;116 
(714.8341, 710.827038) 	 7025 	 IT=116;116 
(714.8341, 710.827038) 	 7040 	 IT=116;116 
(714.8341, 710.827038) 	 7057 	 IT=116;116 
(714.8341, 710.827038) 	 7073 	 IT=116;116 
(714.8341, 710.827038) 	 7090 	 IT=116;116 
(714.8341, 710.827038) 	 7108 	 IT=116;116 
(714.8341, 710.827038) 	 7124 	 IT=116;116 
(714.8341, 710.827038) 	 7141 	 IT=116;116 
(714.8341, 710.827038) 	 7158 	 IT=116;116 
(714.8341, 710.827038) 	 7175 	 IT=116;116 
(714.8341, 710.827038) 	 7192 	 IT=116;116 
(714.8341, 710.827038) 	 7209 	 IT=116;116 
(714.8341, 710.827038) 	 7226 	 IT=116;116 
(604.777246, 600.770146) 	 7070 	 IT=116;116 
(604.777246, 600.770146) 	 7087 	 IT=88;116 
(604.777246, 600.770146) 	 7105 	 IT=56;116 
(604.777246, 600.770146) 	 7121 	 IT=45;116 
(604.777246, 600.770146) 	 7138 	 IT=39;116 
(604.777246, 600.770146) 	 7155 	 IT=41;116 
(604.777246, 600.770146) 	 7172 	 IT=47;116 
(604.777246, 600.770146) 	 7189 	 IT=56;116 
(604.777246, 600.770146) 	 7206 	 IT=72;116 
(604.777246, 600.770146) 	 7223 	 IT=83;116 
(604.777246, 600.770146) 	 7240 	 IT=89;116 
(604.777246, 600.770146) 	 7256 	 IT=115;116 
(604.777246, 600.770146) 	 7272 	 IT=116;116 
(604.777246, 600.770146) 	 7288 	 IT=116;116 
(408.211336, 404.204237) 	 5658 	 IT=116;116 
(408.211336, 404.204237) 	 5677 	 IT=116;116 
(408.211336, 404.204237) 	 5694 	 IT=116;116 
(408.211336, 404.204237) 	 5711 	 IT=116;116 
(408.211336, 404.204237) 	 5728 	 IT=116;116 
(408.211336, 404.204237) 	 5745 	 IT=116;116 
(409.203661, 405.867572) 	 6782 	 IT=26;116 
(409.203661, 405.867572) 	 6797 	 IT=22;116 
(409.203661, 405.867572) 	 6812 	 IT=19;116 
(409.203661, 405.867572) 	 6827 	 IT=18;116 
(409.203661, 405.867572) 	 6842 	 IT=17;116 
(409.203661, 405.867572) 	 6857 	 IT=17;116 
(409.203661, 405.867572) 	 6872 	 IT=18;116 
(409.203661, 405.867572) 	 6887 	 IT=17;116 
(409.203661, 405.867572) 	 6902 	 IT=18;116 
(409.203661, 405.867572) 	 6917 	 IT=19;116 
(409.203661, 405.867572) 	 6932 	 IT=22;116 
(409.203661, 405.867572) 	 6947 	 IT=26;116 
(409.203661, 405.867572) 	 6962 	 IT=23;116 
(409.203661, 405.867572) 	 6977 	 IT=27;116 
(409.203661, 405.867572) 	 6992 	 IT=27;116 
(409.203661, 405.867572) 	 7007 	 IT=31;116 
(409.203661, 405.867572) 	 7024 	 IT=36;116 
(409.203661, 405.867572) 	 7039 	 IT=31;116 
(409.203661, 405.867572) 	 7056 	 IT=39;116 
(409.203661, 405.867572) 	 7072 	 IT=46;116 
(409.203661, 405.867572) 	 7089 	 IT=47;116 
(409.203661, 405.867572) 	 7107 	 IT=44;116 
(409.203661, 405.867572) 	 7123 	 IT=58;116 
(409.203661, 405.867572) 	 7140 	 IT=54;116 
(409.203661, 405.867572) 	 7157 	 IT=60;116 
(409.203661, 405.867572) 	 7174 	 IT=63;116 
(409.203661, 405.867572) 	 7191 	 IT=72;116 
(409.203661, 405.867572) 	 7208 	 IT=83;116 
(409.203661, 405.867572) 	 7225 	 IT=80;116 
(409.203661, 405.867572) 	 7242 	 IT=86;116 
(409.203661, 405.867572) 	 7258 	 IT=93;116 
(409.203661, 405.867572) 	 7274 	 IT=96;116 
(409.203661, 405.867572) 	 7290 	 IT=110;116 
(409.203661, 405.867572) 	 7305 	 IT=116;116 
(409.203661, 405.867572) 	 7321 	 IT=116;116 
(409.203661, 405.867572) 	 7335 	 IT=116;116 
(409.203661, 405.867572) 	 7350 	 IT=116;116 
(409.203661, 405.867572) 	 7393 	 IT=116;116 
(650.278242, 645.274107) 	 7023 	 IT=116;116 
(650.278242, 645.274107) 	 7038 	 IT=116;116 
(650.278242, 645.274107) 	 7055 	 IT=116;116 
(650.278242, 645.274107) 	 7071 	 IT=116;116 
(650.278242, 645.274107) 	 7088 	 IT=53;116 
(650.278242, 645.274107) 	 7106 	 IT=28;116 
(650.278242, 645.274107) 	 7122 	 IT=24;116 
(650.278242, 645.274107) 	 7139 	 IT=22;116 
(650.278242, 645.274107) 	 7156 	 IT=24;116 
(650.278242, 645.274107) 	 7173 	 IT=32;116 
(650.278242, 645.274107) 	 7190 	 IT=43;116 
(650.278242, 645.274107) 	 7207 	 IT=61;116 
(650.278242, 645.274107) 	 7224 	 IT=76;116 
(650.278242, 645.274107) 	 7241 	 IT=93;116 
(650.278242, 645.274107) 	 7257 	 IT=116;116 
(650.278242, 645.274107) 	 7273 	 IT=116;116 
(650.278242, 645.274107) 	 7289 	 IT=116;116 
(650.278242, 645.274107) 	 7304 	 IT=116;116 
(650.278242, 645.274107) 	 7320 	 IT=116;116 
(650.278242, 645.274107) 	 7334 	 IT=116;116 
(650.278242, 645.274107) 	 7349 	 IT=116;116 
(650.278242, 645.274107) 	 7364 	 IT=116;116 
(650.278242, 645.274107) 	 7378 	 IT=116;116 
(650.278242, 645.274107) 	 7392 	 IT=116;116 
(650.278242, 645.274107) 	 7407 	 IT=116;116 
(650.278242, 645.274107) 	 7421 	 IT=116;116 
(650.278242, 645.274107) 	 7435 	 IT=116;116 
(650.278242, 645.274107) 	 7449 	 IT=116;116 
(650.278242, 645.274107) 	 7463 	 IT=116;116 
(650.278242, 645.274107) 	 7477 	 IT=116;116 
(650.278242, 645.274107) 	 7491 	 IT=116;116 
(650.278242, 645.274107) 	 7506 	 IT=116;116 
(650.278242, 645.274107) 	 7521 	 IT=116;116 
(650.278242, 645.274107) 	 7535 	 IT=116;116 
(650.278242, 645.274107) 	 7549 	 IT=116;116 
(650.278242, 645.274107) 	 7563 	 IT=116;116 
(650.278242, 645.274107) 	 7578 	 IT=116;116 
(650.278242, 645.274107) 	 7593 	 IT=116;116 
(650.278242, 645.274107) 	 7609 	 IT=116;116 
(650.278242, 645.274107) 	 7625 	 IT=116;116 
(650.278242, 645.274107) 	 7655 	 IT=116;116 
(650.278242, 645.274107) 	 7670 	 IT=116;116 
(650.278242, 645.274107) 	 7685 	 IT=116;116 
(650.278242, 645.274107) 	 7700 	 IT=116;116 
(650.278242, 645.274107) 	 7715 	 IT=116;116 
(650.278242, 645.274107) 	 7730 	 IT=116;116 
(650.278242, 645.274107) 	 7745 	 IT=116;116 
(650.278242, 645.274107) 	 7761 	 IT=116;116 
(650.278242, 645.274107) 	 7777 	 IT=116;116 
(650.278242, 645.274107) 	 7793 	 IT=116;116 
(723.314724, 719.307624) 	 7760 	 IT=116;116 
(723.314724, 719.307624) 	 7776 	 IT=116;116 
(723.314724, 719.307624) 	 7792 	 IT=80;116 
(723.314724, 719.307624) 	 7808 	 IT=35;116 
(723.314724, 719.307624) 	 7824 	 IT=27;116 
(723.314724, 719.307624) 	 7839 	 IT=28;116 
(723.314724, 719.307624) 	 7854 	 IT=31;116 
(723.314724, 719.307624) 	 7869 	 IT=41;116 
(723.314724, 719.307624) 	 7884 	 IT=77;116 
(723.314724, 719.307624) 	 7900 	 IT=116;116 
(723.314724, 719.307624) 	 7916 	 IT=116;116 
(723.314724, 719.307624) 	 7932 	 IT=116;116 
(723.314724, 719.307624) 	 7947 	 IT=116;116 
(723.314724, 719.307624) 	 7962 	 IT=116;116 
(723.314724, 719.307624) 	 7977 	 IT=116;116 
(723.314724, 719.307624) 	 7992 	 IT=116;116 
(723.314724, 719.307624) 	 8007 	 IT=116;116 
(565.932486, 563.261086) 	 7492 	 IT=116;116 
(565.932486, 563.261086) 	 7507 	 IT=116;116 
(565.932486, 563.261086) 	 7564 	 IT=116;116 
(565.932486, 563.261086) 	 7579 	 IT=116;116 
(565.932486, 563.261086) 	 7595 	 IT=116;116 
(565.932486, 563.261086) 	 7611 	 IT=43;116 
(565.932486, 563.261086) 	 7627 	 IT=16;116 
(565.932486, 563.261086) 	 7641 	 IT=9.3;116 
(565.932486, 563.261086) 	 7656 	 IT=7.5;116 
(565.932486, 563.261086) 	 7671 	 IT=7.5;116 
(565.932486, 563.261086) 	 7686 	 IT=8.7;116 
(565.932486, 563.261086) 	 7701 	 IT=12;116 
(565.932486, 563.261086) 	 7716 	 IT=19;116 
(565.932486, 563.261086) 	 7731 	 IT=31;116 
(565.932486, 563.261086) 	 7746 	 IT=41;116 
(565.932486, 563.261086) 	 7762 	 IT=70;116 
(565.932486, 563.261086) 	 7778 	 IT=116;116 
(565.932486, 563.261086) 	 7794 	 IT=116;116 
(565.932486, 563.261086) 	 7810 	 IT=116;116 
(565.932486, 563.261086) 	 7825 	 IT=116;116 
(565.932486, 563.261086) 	 7840 	 IT=116;116 
(565.932486, 563.261086) 	 7855 	 IT=116;116 
(565.932486, 563.261086) 	 7870 	 IT=116;116 
(565.932486, 563.261086) 	 7886 	 IT=116;116 
(565.932486, 563.261086) 	 7902 	 IT=116;116 
(565.932486, 563.261086) 	 7918 	 IT=116;116 
(792.831901, 787.827767) 	 7885 	 IT=116;116 
(792.831901, 787.827767) 	 7901 	 IT=116;116 
(792.831901, 787.827767) 	 7917 	 IT=116;116 
(792.831901, 787.827767) 	 7933 	 IT=116;62 
(792.831901, 787.827767) 	 7948 	 IT=84;42 
(792.831901, 787.827767) 	 7963 	 IT=48;34 
(792.831901, 787.827767) 	 7978 	 IT=29;33 
(792.831901, 787.827767) 	 7993 	 IT=24;38 
(792.831901, 787.827767) 	 8008 	 IT=24;46 
(792.831901, 787.827767) 	 8022 	 IT=26;65 
(792.831901, 787.827767) 	 8036 	 IT=26;79 
(792.831901, 787.827767) 	 8050 	 IT=30;108 
(792.831901, 787.827767) 	 8064 	 IT=37;116 
(792.831901, 787.827767) 	 8078 	 IT=56;116 
(792.831901, 787.827767) 	 8092 	 IT=74;116 
(792.831901, 787.827767) 	 8106 	 IT=97;116 
(792.831901, 787.827767) 	 8120 	 IT=116;116 
(792.831901, 787.827767) 	 8134 	 IT=116;116 
(792.831901, 787.827767) 	 8148 	 IT=116;116 
(792.831901, 787.827767) 	 8162 	 IT=116;116 
(792.831901, 787.827767) 	 8176 	 IT=116;116 
(792.831901, 787.827767) 	 8190 	 IT=116;116 
(792.831901, 787.827767) 	 8204 	 IT=116;116 
(792.831901, 787.827767) 	 8218 	 IT=116;116 
(792.831901, 787.827767) 	 8232 	 IT=116;116 
(792.831901, 787.827767) 	 8246 	 IT=116;116 
(792.831901, 787.827767) 	 8260 	 IT=116;116 
(792.831901, 787.827767) 	 8274 	 IT=116;116 
(792.831901, 787.827767) 	 8288 	 IT=116;116 
(792.831901, 787.827767) 	 8302 	 IT=116;116 
(792.831901, 787.827767) 	 8316 	 IT=116;116 
(792.831901, 787.827767) 	 8330 	 IT=116;116 
(792.831901, 787.827767) 	 8344 	 IT=116;116 
(792.831901, 787.827767) 	 8358 	 IT=116;116 
(792.831901, 787.827767) 	 8372 	 IT=116;116 
(792.831901, 787.827767) 	 8386 	 IT=116;116 
(792.831901, 787.827767) 	 8400 	 IT=116;116 
(792.831901, 787.827767) 	 8414 	 IT=116;116 
(792.831901, 787.827767) 	 8428 	 IT=116;116 
(792.831901, 787.827767) 	 8442 	 IT=116;116 
(792.831901, 787.827767) 	 8457 	 IT=116;116 
(792.831901, 787.827767) 	 8472 	 IT=116;116 
(792.831901, 787.827767) 	 8487 	 IT=116;116 
(792.831901, 787.827767) 	 8502 	 IT=116;116 
(792.831901, 787.827767) 	 8517 	 IT=116;116 
(792.831901, 787.827767) 	 8532 	 IT=116;116 
(792.831901, 787.827767) 	 8548 	 IT=116;116 
(792.831901, 787.827767) 	 8564 	 IT=116;116 
(792.831901, 787.827767) 	 8580 	 IT=116;116 
(792.831901, 787.827767) 	 8597 	 IT=116;113 
(792.831901, 787.827767) 	 8614 	 IT=116;81 
(792.831901, 787.827767) 	 8632 	 IT=116;90 
(698.991248, 695.655158) 	 8443 	 IT=64;116 
(698.991248, 695.655158) 	 8458 	 IT=41;116 
(698.991248, 695.655158) 	 8473 	 IT=31;116 
(698.991248, 695.655158) 	 8488 	 IT=26;116 
(698.991248, 695.655158) 	 8503 	 IT=26;116 
(698.991248, 695.655158) 	 8518 	 IT=30;116 
(698.991248, 695.655158) 	 8534 	 IT=31;116 
(698.991248, 695.655158) 	 8550 	 IT=43;116 
(698.991248, 695.655158) 	 8566 	 IT=58;116 
(698.991248, 695.655158) 	 8583 	 IT=94;116 
(698.991248, 695.655158) 	 8600 	 IT=116;116 
(698.991248, 695.655158) 	 8617 	 IT=116;116 
(698.991248, 695.655158) 	 8635 	 IT=116;116 
(698.991248, 695.655158) 	 8650 	 IT=116;116 
(698.991248, 695.655158) 	 8665 	 IT=116;116 
(622.288944, 617.284809) 	 7594 	 IT=116;116 
(622.288944, 617.284809) 	 7610 	 IT=116;116 
(622.288944, 617.284809) 	 7626 	 IT=116;116 
(657.286067, 652.281932) 	 8581 	 IT=116;116 
(657.286067, 652.281932) 	 8598 	 IT=116;116 
(657.286067, 652.281932) 	 8615 	 IT=116;116 
(657.286067, 652.281932) 	 8633 	 IT=116;116 
(657.286067, 652.281932) 	 8648 	 IT=116;116 
(657.286067, 652.281932) 	 8777 	 IT=116;116 
(657.286067, 652.281932) 	 8792 	 IT=116;116 
(657.286067, 652.281932) 	 8807 	 IT=116;116 
(657.286067, 652.281932) 	 8822 	 IT=116;116 
(657.286067, 652.281932) 	 8838 	 IT=73;116 
(657.286067, 652.281932) 	 8854 	 IT=40;116 
(657.286067, 652.281932) 	 8870 	 IT=29;116 
(657.286067, 652.281932) 	 8886 	 IT=26;116 
(657.286067, 652.281932) 	 8902 	 IT=28;116 
(657.286067, 652.281932) 	 8918 	 IT=32;116 
(657.286067, 652.281932) 	 8934 	 IT=42;116 
(657.286067, 652.281932) 	 8950 	 IT=56;116 
(657.286067, 652.281932) 	 8966 	 IT=90;116 
(657.286067, 652.281932) 	 8982 	 IT=111;116 
(657.286067, 652.281932) 	 8998 	 IT=116;116 
(657.286067, 652.281932) 	 9014 	 IT=116;116 
(657.286067, 652.281932) 	 9030 	 IT=116;116 
(657.286067, 652.281932) 	 9046 	 IT=116;116 
(657.286067, 652.281932) 	 9063 	 IT=116;116 
(657.286067, 652.281932) 	 9079 	 IT=116;116 
(657.286067, 652.281932) 	 9096 	 IT=116;116 
(657.286067, 652.281932) 	 9112 	 IT=116;116 
(657.286067, 652.281932) 	 9129 	 IT=116;116 
(657.286067, 652.281932) 	 9145 	 IT=116;116 
(657.286067, 652.281932) 	 9161 	 IT=116;116 
(657.286067, 652.281932) 	 9177 	 IT=116;116 
(657.286067, 652.281932) 	 9193 	 IT=116;116 
(657.286067, 652.281932) 	 9209 	 IT=116;116 
(657.286067, 652.281932) 	 9225 	 IT=116;116 
(657.286067, 652.281932) 	 9241 	 IT=116;116 
(657.286067, 652.281932) 	 9256 	 IT=116;116 
(657.286067, 652.281932) 	 9271 	 IT=116;116 
(657.286067, 652.281932) 	 9287 	 IT=116;116 
(657.286067, 652.281932) 	 9301 	 IT=116;116 
(657.286067, 652.281932) 	 9316 	 IT=116;116 
(657.286067, 652.281932) 	 9331 	 IT=116;116 
(657.286067, 652.281932) 	 9346 	 IT=116;116 
(657.286067, 652.281932) 	 9362 	 IT=116;116 
(657.286067, 652.281932) 	 9378 	 IT=116;116 
(657.286067, 652.281932) 	 9394 	 IT=116;116 
(657.286067, 652.281932) 	 9410 	 IT=116;116 
(657.286067, 652.281932) 	 9426 	 IT=116;116 
(657.286067, 652.281932) 	 9442 	 IT=116;116 
(725.33408, 720.329945) 	 8533 	 IT=116;116 
(725.33408, 720.329945) 	 8549 	 IT=116;116 
(725.33408, 720.329945) 	 8565 	 IT=77;116 
(725.33408, 720.329945) 	 8582 	 IT=43;116 
(725.33408, 720.329945) 	 8599 	 IT=25;116 
(725.33408, 720.329945) 	 8616 	 IT=18;116 
(725.33408, 720.329945) 	 8634 	 IT=14;116 
(725.33408, 720.329945) 	 8649 	 IT=16;116 
(725.33408, 720.329945) 	 8664 	 IT=15;116 
(725.33408, 720.329945) 	 8679 	 IT=16;116 
(725.33408, 720.329945) 	 8693 	 IT=18;116 
(725.33408, 720.329945) 	 8707 	 IT=22;116 
(725.33408, 720.329945) 	 8721 	 IT=26;116 
(725.33408, 720.329945) 	 8735 	 IT=34;116 
(725.33408, 720.329945) 	 8750 	 IT=38;116 
(725.33408, 720.329945) 	 8763 	 IT=52;116 
(725.33408, 720.329945) 	 8778 	 IT=61;116 
(725.33408, 720.329945) 	 8793 	 IT=82;116 
(725.33408, 720.329945) 	 8808 	 IT=103;116 
(725.33408, 720.329945) 	 8823 	 IT=116;116 
(725.33408, 720.329945) 	 8839 	 IT=116;116 
(725.33408, 720.329945) 	 8855 	 IT=116;116 
(725.33408, 720.329945) 	 8871 	 IT=116;116 
(725.33408, 720.329945) 	 8887 	 IT=116;116 
(725.33408, 720.329945) 	 8903 	 IT=116;116 
(725.33408, 720.329945) 	 8919 	 IT=116;116 
(725.33408, 720.329945) 	 8935 	 IT=116;116 
(725.33408, 720.329945) 	 8951 	 IT=116;116 
(725.33408, 720.329945) 	 8967 	 IT=116;116 
(725.33408, 720.329945) 	 8983 	 IT=116;116 
(725.33408, 720.329945) 	 8999 	 IT=116;116 
(725.33408, 720.329945) 	 9015 	 IT=116;116 
(725.33408, 720.329945) 	 9031 	 IT=116;116 
(725.33408, 720.329945) 	 9047 	 IT=116;116 
(725.33408, 720.329945) 	 9064 	 IT=116;116 
(725.33408, 720.329945) 	 9080 	 IT=116;116 
(725.33408, 720.329945) 	 9097 	 IT=116;116 
(725.33408, 720.329945) 	 9113 	 IT=116;116 
(725.33408, 720.329945) 	 9130 	 IT=116;116 
(725.33408, 720.329945) 	 9146 	 IT=116;116 
(725.33408, 720.329945) 	 9162 	 IT=116;116 
(725.33408, 720.329945) 	 9178 	 IT=116;116 
(725.33408, 720.329945) 	 9194 	 IT=116;116 
(725.33408, 720.329945) 	 9210 	 IT=116;116 
(725.33408, 720.329945) 	 9226 	 IT=116;116 
(637.786234, 632.782099) 	 8824 	 IT=116;116 
(637.786234, 632.782099) 	 8840 	 IT=116;116 
(637.786234, 632.782099) 	 8856 	 IT=116;116 
(637.786234, 632.782099) 	 8872 	 IT=116;116 
(637.786234, 632.782099) 	 8888 	 IT=106;116 
(637.786234, 632.782099) 	 8904 	 IT=68;116 
(637.786234, 632.782099) 	 8920 	 IT=42;116 
(637.786234, 632.782099) 	 8936 	 IT=30;116 
(637.786234, 632.782099) 	 8952 	 IT=25;116 
(637.786234, 632.782099) 	 8968 	 IT=21;116 
(637.786234, 632.782099) 	 8984 	 IT=18;116 
(637.786234, 632.782099) 	 9000 	 IT=19;116 
(637.786234, 632.782099) 	 9016 	 IT=19;116 
(637.786234, 632.782099) 	 9032 	 IT=21;116 
(637.786234, 632.782099) 	 9048 	 IT=28;116 
(637.786234, 632.782099) 	 9065 	 IT=34;116 
(637.786234, 632.782099) 	 9081 	 IT=48;116 
(637.786234, 632.782099) 	 9098 	 IT=64;116 
(637.786234, 632.782099) 	 9114 	 IT=81;116 
(637.786234, 632.782099) 	 9131 	 IT=109;116 
(637.786234, 632.782099) 	 9147 	 IT=90;116 
(637.786234, 632.782099) 	 9163 	 IT=116;116 
(637.786234, 632.782099) 	 9179 	 IT=116;116 
(637.786234, 632.782099) 	 9195 	 IT=116;116 
(637.786234, 632.782099) 	 9211 	 IT=116;116 
(637.786234, 632.782099) 	 9227 	 IT=116;116 
(637.786234, 632.782099) 	 9242 	 IT=116;116 
(637.786234, 632.782099) 	 9257 	 IT=116;116 
(637.786234, 632.782099) 	 9272 	 IT=116;116 
(637.786234, 632.782099) 	 9288 	 IT=116;116 
(637.786234, 632.782099) 	 9302 	 IT=116;116 
(637.786234, 632.782099) 	 9317 	 IT=116;116 
(637.786234, 632.782099) 	 9332 	 IT=116;116 
(637.786234, 632.782099) 	 9347 	 IT=116;116 
(637.786234, 632.782099) 	 9363 	 IT=116;116 
(637.786234, 632.782099) 	 9379 	 IT=116;116 
(637.786234, 632.782099) 	 9395 	 IT=116;116 
(637.786234, 632.782099) 	 9411 	 IT=116;116 
(637.786234, 632.782099) 	 9427 	 IT=116;116 
(637.786234, 632.782099) 	 9443 	 IT=116;116 
(637.786234, 632.782099) 	 9458 	 IT=116;116 
(637.786234, 632.782099) 	 9473 	 IT=116;116 
(637.786234, 632.782099) 	 9488 	 IT=116;116 
(637.786234, 632.782099) 	 9503 	 IT=116;116 
(637.786234, 632.782099) 	 9518 	 IT=116;116 
(637.786234, 632.782099) 	 9533 	 IT=116;116 
(520.730621, 516.723522) 	 9361 	 IT=116;116 
(520.730621, 516.723522) 	 9377 	 IT=50;116 
(520.730621, 516.723522) 	 9393 	 IT=24;116 
(520.730621, 516.723522) 	 9409 	 IT=14;116 
(520.730621, 516.723522) 	 9425 	 IT=12;116 
(520.730621, 516.723522) 	 9441 	 IT=8.8;116 
(520.730621, 516.723522) 	 9457 	 IT=8.7;116 
(520.730621, 516.723522) 	 9472 	 IT=8.5;116 
(520.730621, 516.723522) 	 9487 	 IT=10;116 
(520.730621, 516.723522) 	 9502 	 IT=12;116 
(520.730621, 516.723522) 	 9517 	 IT=14;116 
(520.730621, 516.723522) 	 9532 	 IT=18;116 
(520.730621, 516.723522) 	 9547 	 IT=25;116 
(520.730621, 516.723522) 	 9561 	 IT=27;116 
(520.730621, 516.723522) 	 9575 	 IT=36;116 
(520.730621, 516.723522) 	 9589 	 IT=44;116 
(520.730621, 516.723522) 	 9603 	 IT=51;116 
(520.730621, 516.723522) 	 9617 	 IT=63;116 
(520.730621, 516.723522) 	 9631 	 IT=69;116 
(520.730621, 516.723522) 	 9645 	 IT=87;116 
(520.730621, 516.723522) 	 9659 	 IT=102;116 
(520.730621, 516.723522) 	 9673 	 IT=108;116 
(520.730621, 516.723522) 	 9687 	 IT=116;116 
(520.730621, 516.723522) 	 9701 	 IT=116;116 
(520.730621, 516.723522) 	 9715 	 IT=116;116 
(520.730621, 516.723522) 	 9729 	 IT=116;116 
(520.730621, 516.723522) 	 9743 	 IT=116;116 
(520.730621, 516.723522) 	 9757 	 IT=116;116 
(520.730621, 516.723522) 	 9771 	 IT=116;116 
(520.730621, 516.723522) 	 9785 	 IT=116;116 
(520.730621, 516.723522) 	 9799 	 IT=116;116 
(520.730621, 516.723522) 	 9813 	 IT=116;116 
(520.730621, 516.723522) 	 9827 	 IT=116;116 
(520.730621, 516.723522) 	 9841 	 IT=116;116 
(520.730621, 516.723522) 	 9855 	 IT=116;116 
(520.730621, 516.723522) 	 9869 	 IT=116;116 
(520.730621, 516.723522) 	 9883 	 IT=116;116 
(520.730621, 516.723522) 	 9897 	 IT=116;116 
(520.730621, 516.723522) 	 9911 	 IT=116;116 
(520.730621, 516.723522) 	 9925 	 IT=116;116 
(520.730621, 516.723522) 	 9939 	 IT=116;116 
(520.730621, 516.723522) 	 9953 	 IT=116;116 
(520.730621, 516.723522) 	 9967 	 IT=116;116 
(520.730621, 516.723522) 	 9981 	 IT=116;116 
(520.730621, 516.723522) 	 9995 	 IT=116;116 
(520.730621, 516.723522) 	 10009 	 IT=116;116 
(520.730621, 516.723522) 	 10023 	 IT=116;116 
(520.730621, 516.723522) 	 10037 	 IT=116;116 
(520.730621, 516.723522) 	 10051 	 IT=116;116 
(520.730621, 516.723522) 	 10065 	 IT=116;116 
(520.730621, 516.723522) 	 10079 	 IT=116;116 
(520.730621, 516.723522) 	 10093 	 IT=116;116 
(520.730621, 516.723522) 	 10107 	 IT=116;116 
(520.730621, 516.723522) 	 10121 	 IT=116;116 
(885.712439, 882.376349) 	 7809 	 IT=116;116 
(718.350369, 715.678969) 	 10122 	 IT=116;116 
(718.350369, 715.678969) 	 10136 	 IT=116;116 
(718.350369, 715.678969) 	 10150 	 IT=94;116 
(718.350369, 715.678969) 	 10164 	 IT=60;116 
(718.350369, 715.678969) 	 10178 	 IT=43;116 
(718.350369, 715.678969) 	 10192 	 IT=39;116 
(718.350369, 715.678969) 	 10206 	 IT=39;116 
(718.350369, 715.678969) 	 10220 	 IT=42;116 
(718.350369, 715.678969) 	 10234 	 IT=48;116 
(718.350369, 715.678969) 	 10248 	 IT=70;116 
(718.350369, 715.678969) 	 10263 	 IT=99;116 
(718.350369, 715.678969) 	 10277 	 IT=116;116 
(644.240162, 640.233062) 	 10568 	 IT=116;116 
(644.240162, 640.233062) 	 10585 	 IT=116;116 
(644.240162, 640.233062) 	 10603 	 IT=89;116 
(644.240162, 640.233062) 	 10620 	 IT=55;116 
(644.240162, 640.233062) 	 10637 	 IT=44;116 
(644.240162, 640.233062) 	 10653 	 IT=41;116 
(644.240162, 640.233062) 	 10670 	 IT=45;116 
(644.240162, 640.233062) 	 10688 	 IT=66;116 
(644.240162, 640.233062) 	 10704 	 IT=116;116 
(644.240162, 640.233062) 	 10721 	 IT=116;116 
(644.240162, 640.233062) 	 10739 	 IT=116;116 
(644.240162, 640.233062) 	 10754 	 IT=116;116 
(644.240162, 640.233062) 	 10771 	 IT=116;116 
(644.240162, 640.233062) 	 10788 	 IT=116;116 
(644.240162, 640.233062) 	 10805 	 IT=116;116 
(644.240162, 640.233062) 	 10823 	 IT=116;116 
(644.240162, 640.233062) 	 10840 	 IT=116;116 
(644.240162, 640.233062) 	 10856 	 IT=116;116 
(644.240162, 640.233062) 	 10873 	 IT=116;116 
(644.240162, 640.233062) 	 10890 	 IT=116;116 
(644.240162, 640.233062) 	 10906 	 IT=116;116 
(644.240162, 640.233062) 	 10922 	 IT=116;116 
(644.240162, 640.233062) 	 10953 	 IT=116;116 
(562.737698, 557.733564) 	 10446 	 IT=116;116 
(562.737698, 557.733564) 	 10461 	 IT=116;116 
(562.737698, 557.733564) 	 10476 	 IT=116;116 
(562.737698, 557.733564) 	 10491 	 IT=104;116 
(562.737698, 557.733564) 	 10505 	 IT=55;116 
(562.737698, 557.733564) 	 10520 	 IT=37;116 
(562.737698, 557.733564) 	 10535 	 IT=25;116 
(562.737698, 557.733564) 	 10550 	 IT=21;116 
(562.737698, 557.733564) 	 10565 	 IT=19;116 
(562.737698, 557.733564) 	 10582 	 IT=21;116 
(562.737698, 557.733564) 	 10600 	 IT=23;116 
(562.737698, 557.733564) 	 10617 	 IT=33;116 
(562.737698, 557.733564) 	 10634 	 IT=58;116 
(562.737698, 557.733564) 	 10650 	 IT=75;116 
(562.737698, 557.733564) 	 10667 	 IT=116;116 
(562.737698, 557.733564) 	 10685 	 IT=116;116 
(562.737698, 557.733564) 	 10701 	 IT=116;116 
(562.737698, 557.733564) 	 10718 	 IT=116;116 
(562.737698, 557.733564) 	 10736 	 IT=116;116 
(562.737698, 557.733564) 	 10752 	 IT=116;116 
(562.737698, 557.733564) 	 10768 	 IT=116;116 
(562.737698, 557.733564) 	 10785 	 IT=116;116 
(562.737698, 557.733564) 	 10802 	 IT=116;116 
(562.737698, 557.733564) 	 10820 	 IT=116;116 
(562.737698, 557.733564) 	 10837 	 IT=116;116 
(562.737698, 557.733564) 	 10853 	 IT=116;116 
(562.737698, 557.733564) 	 10870 	 IT=116;116 
(562.737698, 557.733564) 	 10887 	 IT=116;116 
(841.02041, 838.34901) 	 9062 	 IT=116;116 
(841.02041, 838.34901) 	 9095 	 IT=116;116 
(841.02041, 838.34901) 	 9128 	 IT=116;116 
(841.02041, 838.34901) 	 10506 	 IT=116;116 
(841.02041, 838.34901) 	 10521 	 IT=116;116 
(841.02041, 838.34901) 	 10536 	 IT=116;116 
(841.02041, 838.34901) 	 10551 	 IT=116;116 
(841.02041, 838.34901) 	 10566 	 IT=116;116 
(841.02041, 838.34901) 	 10583 	 IT=116;116 
(841.02041, 838.34901) 	 10601 	 IT=116;116 
(841.02041, 838.34901) 	 10618 	 IT=90;116 
(841.02041, 838.34901) 	 10635 	 IT=95;116 
(841.02041, 838.34901) 	 10651 	 IT=116;116 
(841.02041, 838.34901) 	 10668 	 IT=116;116 
(841.02041, 838.34901) 	 10686 	 IT=116;116 
(841.02041, 838.34901) 	 10702 	 IT=116;116 
(841.02041, 838.34901) 	 10719 	 IT=116;116 
(841.02041, 838.34901) 	 10737 	 IT=116;116 
(841.02041, 838.34901) 	 10753 	 IT=116;116 
(841.02041, 838.34901) 	 10769 	 IT=116;116 
(841.02041, 838.34901) 	 10786 	 IT=116;116 
(841.02041, 838.34901) 	 10803 	 IT=116;116 
(841.02041, 838.34901) 	 10821 	 IT=116;116 
(841.02041, 838.34901) 	 10838 	 IT=116;116 
(841.02041, 838.34901) 	 10854 	 IT=116;116 
(841.02041, 838.34901) 	 10871 	 IT=116;116 
(841.02041, 838.34901) 	 10888 	 IT=116;116 
(841.02041, 838.34901) 	 10904 	 IT=116;116 
(841.02041, 838.34901) 	 10920 	 IT=116;116 
(841.02041, 838.34901) 	 10936 	 IT=116;116 
(841.02041, 838.34901) 	 10951 	 IT=116;116 
(841.02041, 838.34901) 	 10967 	 IT=116;116 
(841.02041, 838.34901) 	 10982 	 IT=116;116 
(525.728188, 520.724053) 	 10770 	 IT=116;116 
(525.728188, 520.724053) 	 10787 	 IT=86;116 
(525.728188, 520.724053) 	 10804 	 IT=41;116 
(525.728188, 520.724053) 	 10822 	 IT=31;116 
(525.728188, 520.724053) 	 10839 	 IT=21;116 
(525.728188, 520.724053) 	 10855 	 IT=22;116 
(525.728188, 520.724053) 	 10872 	 IT=23;116 
(525.728188, 520.724053) 	 10889 	 IT=30;116 
(525.728188, 520.724053) 	 10905 	 IT=41;116 
(525.728188, 520.724053) 	 10921 	 IT=57;116 
(525.728188, 520.724053) 	 10937 	 IT=68;116 
(525.728188, 520.724053) 	 10952 	 IT=105;116 
(525.728188, 520.724053) 	 10968 	 IT=116;116 
(525.728188, 520.724053) 	 10983 	 IT=116;116 
(525.728188, 520.724053) 	 10997 	 IT=116;116 
(525.728188, 520.724053) 	 11012 	 IT=116;116 
(525.728188, 520.724053) 	 11027 	 IT=116;116 
(525.728188, 520.724053) 	 11042 	 IT=116;116 
(525.728188, 520.724053) 	 11058 	 IT=116;116 
(525.728188, 520.724053) 	 11074 	 IT=116;116 
(525.728188, 520.724053) 	 11090 	 IT=116;116 
(525.728188, 520.724053) 	 11106 	 IT=116;116 
(525.728188, 520.724053) 	 11122 	 IT=116;116 
(525.728188, 520.724053) 	 11139 	 IT=116;116 
(525.728188, 520.724053) 	 11154 	 IT=116;116 
(525.728188, 520.724053) 	 11170 	 IT=116;116 
(525.728188, 520.724053) 	 11186 	 IT=116;116 
(525.728188, 520.724053) 	 11202 	 IT=116;116 
(525.728188, 520.724053) 	 11218 	 IT=116;116 
(525.728188, 520.724053) 	 11234 	 IT=116;116 
(820.800571, 815.796436) 	 10567 	 IT=116;116 
(820.800571, 815.796436) 	 10584 	 IT=116;116 
(820.800571, 815.796436) 	 10602 	 IT=116;116 
(820.800571, 815.796436) 	 10619 	 IT=116;116 
(820.800571, 815.796436) 	 10636 	 IT=116;116 
(820.800571, 815.796436) 	 10652 	 IT=116;116 
(820.800571, 815.796436) 	 10669 	 IT=116;116 
(820.800571, 815.796436) 	 10687 	 IT=116;116 
(820.800571, 815.796436) 	 10703 	 IT=116;116 
(820.800571, 815.796436) 	 10720 	 IT=116;116 
(820.800571, 815.796436) 	 10738 	 IT=116;116 
(877.39783, 873.390731) 	 11011 	 IT=116;116 
(877.39783, 873.390731) 	 11026 	 IT=116;116 
(877.39783, 873.390731) 	 11041 	 IT=116;116 
(877.39783, 873.390731) 	 11056 	 IT=116;116 
(877.39783, 873.390731) 	 11072 	 IT=116;116 
(877.39783, 873.390731) 	 11088 	 IT=103;116 
(877.39783, 873.390731) 	 11104 	 IT=114;116 
(877.39783, 873.390731) 	 11120 	 IT=116;116 
(877.39783, 873.390731) 	 11137 	 IT=116;116 
(877.39783, 873.390731) 	 11152 	 IT=116;116 
(877.39783, 873.390731) 	 11168 	 IT=116;116 
(877.39783, 873.390731) 	 11184 	 IT=116;116 
(877.39783, 873.390731) 	 11200 	 IT=116;116 
(877.39783, 873.390731) 	 11216 	 IT=116;116 
(877.39783, 873.390731) 	 11232 	 IT=116;116 
(696.788974, 691.784839) 	 11235 	 IT=116;116 
(696.788974, 691.784839) 	 11251 	 IT=116;116 
(696.788974, 691.784839) 	 11267 	 IT=103;116 
(696.788974, 691.784839) 	 11283 	 IT=83;116 
(696.788974, 691.784839) 	 11299 	 IT=35;116 
(696.788974, 691.784839) 	 11315 	 IT=24;116 
(696.788974, 691.784839) 	 11331 	 IT=16;116 
(696.788974, 691.784839) 	 11347 	 IT=13;116 
(696.788974, 691.784839) 	 11362 	 IT=12;116 
(696.788974, 691.784839) 	 11377 	 IT=13;116 
(696.788974, 691.784839) 	 11392 	 IT=17;116 
(696.788974, 691.784839) 	 11407 	 IT=19;116 
(696.788974, 691.784839) 	 11422 	 IT=25;116 
(696.788974, 691.784839) 	 11437 	 IT=37;116 
(696.788974, 691.784839) 	 11452 	 IT=56;116 
(696.788974, 691.784839) 	 11467 	 IT=94;116 
(696.788974, 691.784839) 	 11482 	 IT=116;116 
(696.788974, 691.784839) 	 11498 	 IT=116;116 
(696.788974, 691.784839) 	 11514 	 IT=116;116 
(696.788974, 691.784839) 	 11530 	 IT=116;116 
(696.788974, 691.784839) 	 11546 	 IT=116;116 
(696.788974, 691.784839) 	 11562 	 IT=116;116 
(696.788974, 691.784839) 	 11578 	 IT=116;116 
(696.788974, 691.784839) 	 11595 	 IT=116;116 
(696.788974, 691.784839) 	 11614 	 IT=116;116 
(696.788974, 691.784839) 	 11628 	 IT=116;116 
(696.788974, 691.784839) 	 11646 	 IT=116;116 
(696.788974, 691.784839) 	 11663 	 IT=116;116 
(757.33671, 753.329611) 	 11057 	 IT=116;116 
(757.33671, 753.329611) 	 11073 	 IT=116;116 
(757.33671, 753.329611) 	 11089 	 IT=116;116 
(757.33671, 753.329611) 	 11105 	 IT=116;116 
(757.33671, 753.329611) 	 11121 	 IT=116;116 
(757.33671, 753.329611) 	 11138 	 IT=116;116 
(757.33671, 753.329611) 	 11153 	 IT=116;116 
(757.33671, 753.329611) 	 11169 	 IT=116;116 
(757.33671, 753.329611) 	 11185 	 IT=116;116 
(757.33671, 753.329611) 	 11201 	 IT=116;116 
(757.33671, 753.329611) 	 11217 	 IT=116;116 
(757.33671, 753.329611) 	 11233 	 IT=116;116 
(757.33671, 753.329611) 	 11249 	 IT=116;116 
(757.33671, 753.329611) 	 11265 	 IT=88;116 
(757.33671, 753.329611) 	 11281 	 IT=42;116 
(757.33671, 753.329611) 	 11297 	 IT=28;116 
(757.33671, 753.329611) 	 11313 	 IT=22;116 
(757.33671, 753.329611) 	 11329 	 IT=17;116 
(757.33671, 753.329611) 	 11345 	 IT=16;116 
(757.33671, 753.329611) 	 11361 	 IT=16;116 
(757.33671, 753.329611) 	 11376 	 IT=18;116 
(757.33671, 753.329611) 	 11391 	 IT=25;116 
(757.33671, 753.329611) 	 11406 	 IT=31;116 
(757.33671, 753.329611) 	 11421 	 IT=42;116 
(757.33671, 753.329611) 	 11436 	 IT=63;116 
(757.33671, 753.329611) 	 11451 	 IT=97;116 
(757.33671, 753.329611) 	 11466 	 IT=116;116 
(757.33671, 753.329611) 	 11481 	 IT=116;116 
(757.33671, 753.329611) 	 11496 	 IT=116;116 
(757.33671, 753.329611) 	 11512 	 IT=116;116 
(757.33671, 753.329611) 	 11528 	 IT=116;116 
(757.33671, 753.329611) 	 11544 	 IT=116;116 
(864.043499, 861.372099) 	 11250 	 IT=116;116 
(864.043499, 861.372099) 	 11266 	 IT=116;116 
(864.043499, 861.372099) 	 11282 	 IT=116;116 
(864.043499, 861.372099) 	 11298 	 IT=116;116 
(864.043499, 861.372099) 	 11314 	 IT=116;116 
(864.043499, 861.372099) 	 11330 	 IT=116;116 
(864.043499, 861.372099) 	 11346 	 IT=116;116 
(864.043499, 861.372099) 	 11497 	 IT=116;116 
(864.043499, 861.372099) 	 11513 	 IT=116;116 
(864.043499, 861.372099) 	 11529 	 IT=116;116 
(864.043499, 861.372099) 	 11545 	 IT=116;116 
(864.043499, 861.372099) 	 11561 	 IT=83;116 
(864.043499, 861.372099) 	 11577 	 IT=53;116 
(864.043499, 861.372099) 	 11594 	 IT=39;116 
(864.043499, 861.372099) 	 11613 	 IT=89;116 
(864.043499, 861.372099) 	 11627 	 IT=57;116 
(864.043499, 861.372099) 	 11645 	 IT=116;116 
(864.043499, 861.372099) 	 11662 	 IT=116;116 
(864.043499, 861.372099) 	 11679 	 IT=116;116 
(489.209434, 484.205299) 	 11560 	 IT=116;116 
(489.209434, 484.205299) 	 11576 	 IT=116;116 
(489.209434, 484.205299) 	 11592 	 IT=116;116 
(489.209434, 484.205299) 	 11611 	 IT=116;116 
(489.209434, 484.205299) 	 11625 	 IT=116;116 
(489.209434, 484.205299) 	 11643 	 IT=116;116 
(489.209434, 484.205299) 	 11660 	 IT=116;116 
(489.209434, 484.205299) 	 11677 	 IT=116;116 
(489.209434, 484.205299) 	 11693 	 IT=108;116 
(489.209434, 484.205299) 	 11708 	 IT=91;116 
(489.209434, 484.205299) 	 11723 	 IT=82;116 
(489.209434, 484.205299) 	 11738 	 IT=72;116 
(489.209434, 484.205299) 	 11754 	 IT=57;116 
(489.209434, 484.205299) 	 11770 	 IT=52;116 
(489.209434, 484.205299) 	 11786 	 IT=47;116 
(489.209434, 484.205299) 	 11802 	 IT=44;116 
(489.209434, 484.205299) 	 11818 	 IT=38;116 
(489.209434, 484.205299) 	 11834 	 IT=40;116 
(489.209434, 484.205299) 	 11850 	 IT=38;116 
(489.209434, 484.205299) 	 11866 	 IT=39;116 
(489.209434, 484.205299) 	 11882 	 IT=34;116 
(489.209434, 484.205299) 	 11898 	 IT=37;116 
(489.209434, 484.205299) 	 11915 	 IT=38;116 
(489.209434, 484.205299) 	 11932 	 IT=40;116 
(489.209434, 484.205299) 	 11949 	 IT=40;116 
(489.209434, 484.205299) 	 11966 	 IT=47;116 
(489.209434, 484.205299) 	 11983 	 IT=40;116 
(489.209434, 484.205299) 	 12001 	 IT=43;116 
(489.209434, 484.205299) 	 12017 	 IT=46;116 
(489.209434, 484.205299) 	 12034 	 IT=46;116 
(489.209434, 484.205299) 	 12052 	 IT=51;116 
(489.209434, 484.205299) 	 12070 	 IT=51;116 
(489.209434, 484.205299) 	 12087 	 IT=55;116 
(489.209434, 484.205299) 	 12105 	 IT=57;116 
(489.209434, 484.205299) 	 12124 	 IT=53;116 
(489.209434, 484.205299) 	 12142 	 IT=58;116 
(489.209434, 484.205299) 	 12159 	 IT=60;116 
(489.209434, 484.205299) 	 12176 	 IT=68;116 
(489.209434, 484.205299) 	 12192 	 IT=67;116 
(489.209434, 484.205299) 	 12210 	 IT=70;116 
(541.570777, 538.899377) 	 11593 	 IT=116;116 
(541.570777, 538.899377) 	 11612 	 IT=116;116 
(541.570777, 538.899377) 	 11626 	 IT=116;116 
(541.570777, 538.899377) 	 11644 	 IT=47;116 
(541.570777, 538.899377) 	 11661 	 IT=29;116 
(541.570777, 538.899377) 	 11678 	 IT=25;116 
(541.570777, 538.899377) 	 11694 	 IT=20;116 
(541.570777, 538.899377) 	 11709 	 IT=17;116 
(541.570777, 538.899377) 	 11724 	 IT=14;116 
(541.570777, 538.899377) 	 11739 	 IT=12;116 
(541.570777, 538.899377) 	 11755 	 IT=10;116 
(541.570777, 538.899377) 	 11771 	 IT=9;116 
(541.570777, 538.899377) 	 11787 	 IT=8.7;116 
(541.570777, 538.899377) 	 11803 	 IT=8.6;116 
(541.570777, 538.899377) 	 11819 	 IT=7.5;116 
(541.570777, 538.899377) 	 11835 	 IT=7.4;116 
(541.570777, 538.899377) 	 11851 	 IT=7.9;116 
(541.570777, 538.899377) 	 11867 	 IT=8.2;116 
(541.570777, 538.899377) 	 11883 	 IT=8.3;116 
(541.570777, 538.899377) 	 11900 	 IT=9;116 
(541.570777, 538.899377) 	 11917 	 IT=11;116 
(541.570777, 538.899377) 	 11934 	 IT=12;116 
(541.570777, 538.899377) 	 11951 	 IT=14;116 
(541.570777, 538.899377) 	 11968 	 IT=19;116 
(541.570777, 538.899377) 	 11985 	 IT=22;116 
(541.570777, 538.899377) 	 12003 	 IT=29;116 
(880.3808, 877.044711) 	 10264 	 IT=116;116 
(880.3808, 877.044711) 	 10278 	 IT=116;116 
(880.3808, 877.044711) 	 10292 	 IT=116;116 
(880.3808, 877.044711) 	 10306 	 IT=116;116 
(880.3808, 877.044711) 	 10320 	 IT=116;116 
(880.3808, 877.044711) 	 10334 	 IT=116;116 
(880.3808, 877.044711) 	 10348 	 IT=116;116 
(880.3808, 877.044711) 	 10362 	 IT=116;116 
(880.3808, 877.044711) 	 10376 	 IT=116;116 
(880.3808, 877.044711) 	 10390 	 IT=116;116 
(880.3808, 877.044711) 	 10404 	 IT=116;116 
(880.3808, 877.044711) 	 10418 	 IT=116;116 
(880.3808, 877.044711) 	 10432 	 IT=116;116 
(880.3808, 877.044711) 	 10447 	 IT=116;116 
(880.3808, 877.044711) 	 10462 	 IT=116;116 
(880.3808, 877.044711) 	 10477 	 IT=116;116 
(622.265134, 617.261) 	 11740 	 IT=116;116 
(622.265134, 617.261) 	 11756 	 IT=116;116 
(622.265134, 617.261) 	 11772 	 IT=116;116 
(622.265134, 617.261) 	 11788 	 IT=49;116 
(622.265134, 617.261) 	 11804 	 IT=25;116 
(622.265134, 617.261) 	 11820 	 IT=12;116 
(622.265134, 617.261) 	 11836 	 IT=8.4;116 
(622.265134, 617.261) 	 11852 	 IT=6.6;116 
(622.265134, 617.261) 	 11868 	 IT=5.4;116 
(622.265134, 617.261) 	 11884 	 IT=5;116 
(622.265134, 617.261) 	 11901 	 IT=5.2;116 
(622.265134, 617.261) 	 11918 	 IT=7.4;116 
(622.265134, 617.261) 	 11935 	 IT=9.3;116 
(622.265134, 617.261) 	 11952 	 IT=15;116 
(622.265134, 617.261) 	 11969 	 IT=26;116 
(622.265134, 617.261) 	 11986 	 IT=44;116 
(622.265134, 617.261) 	 12004 	 IT=83;116 
(622.265134, 617.261) 	 12019 	 IT=98;116 
(622.265134, 617.261) 	 12036 	 IT=116;116 
(622.265134, 617.261) 	 12055 	 IT=116;116 
(622.265134, 617.261) 	 12073 	 IT=116;116 
(622.265134, 617.261) 	 12090 	 IT=116;116 
(622.265134, 617.261) 	 12108 	 IT=116;116 
(622.265134, 617.261) 	 12126 	 IT=116;116 
(622.265134, 617.261) 	 12144 	 IT=116;116 
(622.265134, 617.261) 	 12161 	 IT=116;116 
(693.289663, 689.282563) 	 11899 	 IT=116;116 
(693.289663, 689.282563) 	 11916 	 IT=116;116 
(693.289663, 689.282563) 	 11933 	 IT=116;116 
(693.289663, 689.282563) 	 11950 	 IT=116;116 
(693.289663, 689.282563) 	 11967 	 IT=116;116 
(693.289663, 689.282563) 	 11984 	 IT=116;116 
(693.289663, 689.282563) 	 12002 	 IT=116;116 
(693.289663, 689.282563) 	 12018 	 IT=116;116 
(693.289663, 689.282563) 	 12035 	 IT=98;116 
(693.289663, 689.282563) 	 12053 	 IT=75;116 
(693.289663, 689.282563) 	 12071 	 IT=50;116 
(693.289663, 689.282563) 	 12088 	 IT=44;116 
(693.289663, 689.282563) 	 12106 	 IT=29;116 
(693.289663, 689.282563) 	 12125 	 IT=26;116 
(693.289663, 689.282563) 	 12143 	 IT=23;116 
(693.289663, 689.282563) 	 12160 	 IT=22;116 
(693.289663, 689.282563) 	 12177 	 IT=23;116 
(693.289663, 689.282563) 	 12193 	 IT=23;116 
(693.289663, 689.282563) 	 12211 	 IT=28;116 
(693.289663, 689.282563) 	 12226 	 IT=29;116 
(693.289663, 689.282563) 	 12242 	 IT=34;116 
(693.289663, 689.282563) 	 12258 	 IT=39;116 
(693.289663, 689.282563) 	 12274 	 IT=52;116 
(693.289663, 689.282563) 	 12290 	 IT=65;116 
(693.289663, 689.282563) 	 12307 	 IT=86;116 
(693.289663, 689.282563) 	 12324 	 IT=113;116 
(693.289663, 689.282563) 	 12341 	 IT=116;116 
(693.289663, 689.282563) 	 12358 	 IT=116;116 
(928.377067, 923.372932) 	 12291 	 IT=116;116 
(928.377067, 923.372932) 	 12308 	 IT=116;116 
(928.377067, 923.372932) 	 12325 	 IT=116;116 
(928.377067, 923.372932) 	 12342 	 IT=116;116 
(928.377067, 923.372932) 	 12359 	 IT=84;116 
(928.377067, 923.372932) 	 12375 	 IT=86;116 
(928.377067, 923.372932) 	 12391 	 IT=94;116 
(928.377067, 923.372932) 	 12407 	 IT=107;116 
(928.377067, 923.372932) 	 12423 	 IT=116;116 
(928.377067, 923.372932) 	 12439 	 IT=116;116 
(928.377067, 923.372932) 	 12455 	 IT=116;116 
(928.377067, 923.372932) 	 12471 	 IT=116;116 
(928.377067, 923.372932) 	 12487 	 IT=116;116 
(928.377067, 923.372932) 	 12501 	 IT=116;116 
(928.377067, 923.372932) 	 12515 	 IT=116;116 
(928.377067, 923.372932) 	 12529 	 IT=116;116 
(928.377067, 923.372932) 	 12543 	 IT=116;116 
(928.377067, 923.372932) 	 12557 	 IT=116;116 
(928.377067, 923.372932) 	 12571 	 IT=116;116 
(515.210262, 510.206127) 	 12054 	 IT=116;116 
(515.210262, 510.206127) 	 12072 	 IT=116;116 
(515.210262, 510.206127) 	 12089 	 IT=116;116 
(515.210262, 510.206127) 	 12107 	 IT=116;116 
(852.3974, 847.393274) 	 12033 	 IT=116;116 
(852.3974, 847.393274) 	 12051 	 IT=116;116 
(852.3974, 847.393274) 	 12069 	 IT=116;116 
(852.3974, 847.393274) 	 12086 	 IT=116;116 
(852.3974, 847.393274) 	 12104 	 IT=116;116 
(852.3974, 847.393274) 	 12122 	 IT=116;116 
(852.3974, 847.393274) 	 12141 	 IT=116;116 
(852.3974, 847.393274) 	 12157 	 IT=116;116 
(852.3974, 847.393274) 	 12175 	 IT=116;116 
(852.3974, 847.393274) 	 12191 	 IT=116;116 
(852.3974, 847.393274) 	 12208 	 IT=116;116 
(852.3974, 847.393274) 	 12224 	 IT=116;116 
(852.3974, 847.393274) 	 12240 	 IT=116;116 
(852.3974, 847.393274) 	 12256 	 IT=116;116 
(852.3974, 847.393274) 	 12272 	 IT=107;116 
(852.3974, 847.393274) 	 12288 	 IT=63;116 
(852.3974, 847.393274) 	 12305 	 IT=47;116 
(852.3974, 847.393274) 	 12322 	 IT=40;116 
(852.3974, 847.393274) 	 12339 	 IT=40;116 
(852.3974, 847.393274) 	 12356 	 IT=45;116 
(852.3974, 847.393274) 	 12373 	 IT=56;116 
(852.3974, 847.393274) 	 12389 	 IT=91;116 
(852.3974, 847.393274) 	 12405 	 IT=116;116 
(852.3974, 847.393274) 	 12421 	 IT=116;116 
(852.3974, 847.393274) 	 12437 	 IT=116;116 
(852.3974, 847.393274) 	 12453 	 IT=116;116 
(852.3974, 847.393274) 	 12469 	 IT=116;116 
(852.3974, 847.393274) 	 12485 	 IT=116;116 
(553.238279, 549.23118) 	 13242 	 IT=116;116 
(553.238279, 549.23118) 	 13257 	 IT=116;116 
(553.238279, 549.23118) 	 13271 	 IT=116;116 
(553.238279, 549.23118) 	 13286 	 IT=116;116 
(553.238279, 549.23118) 	 13300 	 IT=116;116 
(553.238279, 549.23118) 	 13315 	 IT=116;116 
(553.238279, 549.23118) 	 13330 	 IT=116;116 
(553.238279, 549.23118) 	 13345 	 IT=116;116 
(553.238279, 549.23118) 	 13359 	 IT=116;116 
(553.238279, 549.23118) 	 13373 	 IT=107;116 
(553.238279, 549.23118) 	 13387 	 IT=99;116 
(553.238279, 549.23118) 	 13401 	 IT=113;116 
(553.238279, 549.23118) 	 13415 	 IT=116;116 
(553.238279, 549.23118) 	 13429 	 IT=102;116 
(553.238279, 549.23118) 	 13443 	 IT=84;116 
(553.238279, 549.23118) 	 13457 	 IT=83;116 
(553.238279, 549.23118) 	 13472 	 IT=82;116 
(553.238279, 549.23118) 	 13487 	 IT=79;116 
(553.238279, 549.23118) 	 13502 	 IT=63;116 
(553.238279, 549.23118) 	 13517 	 IT=66;116 
(553.238279, 549.23118) 	 13532 	 IT=58;116 
(553.238279, 549.23118) 	 13547 	 IT=55;116 
(553.238279, 549.23118) 	 13562 	 IT=45;116 
(553.238279, 549.23118) 	 13577 	 IT=50;116 
(553.238279, 549.23118) 	 13592 	 IT=42;116 
(553.238279, 549.23118) 	 13607 	 IT=43;116 
(553.238279, 549.23118) 	 13622 	 IT=43;116 
(553.238279, 549.23118) 	 13637 	 IT=42;116 
(553.238279, 549.23118) 	 13652 	 IT=36;116 
(553.238279, 549.23118) 	 13667 	 IT=41;116 
(553.238279, 549.23118) 	 13682 	 IT=38;116 
(553.238279, 549.23118) 	 13697 	 IT=36;116 
(553.238279, 549.23118) 	 13711 	 IT=37;116 
(553.238279, 549.23118) 	 13725 	 IT=39;116 
(553.238279, 549.23118) 	 13739 	 IT=40;116 
(553.238279, 549.23118) 	 13753 	 IT=38;116 
(553.238279, 549.23118) 	 13767 	 IT=43;116 
(553.238279, 549.23118) 	 13781 	 IT=42;116 
(553.238279, 549.23118) 	 13795 	 IT=42;116 
(553.238279, 549.23118) 	 13809 	 IT=40;116 
(553.238279, 549.23118) 	 13823 	 IT=40;116 
(553.238279, 549.23118) 	 13837 	 IT=43;116 
(553.238279, 549.23118) 	 13851 	 IT=44;116 
(553.238279, 549.23118) 	 13865 	 IT=49;116 
(553.238279, 549.23118) 	 13879 	 IT=48;116 
(553.238279, 549.23118) 	 13893 	 IT=53;116 
(553.238279, 549.23118) 	 13907 	 IT=44;116 
(670.308131, 666.972041) 	 12900 	 IT=116;116 
(670.308131, 666.972041) 	 12914 	 IT=116;116 
(670.308131, 666.972041) 	 12928 	 IT=116;116 
(670.308131, 666.972041) 	 12942 	 IT=116;116 
(670.308131, 666.972041) 	 12956 	 IT=116;116 
(670.308131, 666.972041) 	 12970 	 IT=116;116 
(670.308131, 666.972041) 	 12984 	 IT=116;116 
(670.308131, 666.972041) 	 12999 	 IT=116;116 
(670.308131, 666.972041) 	 13014 	 IT=116;116 
(670.308131, 666.972041) 	 13029 	 IT=116;116 
(670.308131, 666.972041) 	 13044 	 IT=116;116 
(670.308131, 666.972041) 	 13059 	 IT=116;116 
(670.308131, 666.972041) 	 13458 	 IT=116;116 
(670.308131, 666.972041) 	 13473 	 IT=116;116 
(670.308131, 666.972041) 	 13488 	 IT=116;116 
(670.308131, 666.972041) 	 13503 	 IT=116;116 
(670.308131, 666.972041) 	 13518 	 IT=116;116 
(670.308131, 666.972041) 	 13533 	 IT=116;116 
(670.308131, 666.972041) 	 13548 	 IT=116;116 
(670.308131, 666.972041) 	 13563 	 IT=116;116 
(670.308131, 666.972041) 	 13578 	 IT=116;116 
(670.308131, 666.972041) 	 13593 	 IT=116;116 
(670.308131, 666.972041) 	 13608 	 IT=116;116 
(670.308131, 666.972041) 	 13623 	 IT=116;116 
(670.308131, 666.972041) 	 13638 	 IT=116;116 
(670.308131, 666.972041) 	 13653 	 IT=90;116 
(670.308131, 666.972041) 	 13668 	 IT=53;116 
(670.308131, 666.972041) 	 13683 	 IT=36;116 
(583.278045, 578.27391) 	 12998 	 IT=116;116 
(583.278045, 578.27391) 	 13013 	 IT=116;116 
(583.278045, 578.27391) 	 13028 	 IT=116;116 
(583.278045, 578.27391) 	 13043 	 IT=116;116 
(583.278045, 578.27391) 	 13058 	 IT=116;116 
(852.3975, 847.393274) 	 12123 	 IT=116;116 
(852.3975, 847.393274) 	 12158 	 IT=116;116 
(852.3975, 847.393274) 	 12209 	 IT=116;116 
(852.3975, 847.393274) 	 12225 	 IT=116;116 
(852.3975, 847.393274) 	 12241 	 IT=116;116 
(852.3975, 847.393274) 	 12257 	 IT=116;116 
(852.3975, 847.393274) 	 12273 	 IT=107;116 
(852.3975, 847.393274) 	 12289 	 IT=63;116 
(852.3975, 847.393274) 	 12306 	 IT=47;116 
(852.3975, 847.393274) 	 12323 	 IT=40;116 
(852.3975, 847.393274) 	 12340 	 IT=40;116 
(852.3975, 847.393274) 	 12357 	 IT=45;116 
(852.3975, 847.393274) 	 12374 	 IT=56;116 
(852.3975, 847.393274) 	 12390 	 IT=91;116 
(852.3975, 847.393274) 	 12406 	 IT=116;116 
(852.3975, 847.393274) 	 12422 	 IT=116;116 
(852.3975, 847.393274) 	 12438 	 IT=116;116 
(852.3975, 847.393274) 	 12454 	 IT=116;116 
(852.3975, 847.393274) 	 12470 	 IT=116;116 
(852.3975, 847.393274) 	 12486 	 IT=116;116 
(593.262395, 588.25826) 	 13908 	 IT=116;116 
(593.262395, 588.25826) 	 13922 	 IT=116;116 
(593.262395, 588.25826) 	 13979 	 IT=116;116 
(593.262395, 588.25826) 	 13994 	 IT=116;116 
(593.262395, 588.25826) 	 14009 	 IT=116;116 
(593.262395, 588.25826) 	 14024 	 IT=116;116 
(593.262395, 588.25826) 	 14039 	 IT=116;116 
(593.262395, 588.25826) 	 14585 	 IT=116;116 
(593.262395, 588.25826) 	 14599 	 IT=116;116 
(593.262395, 588.25826) 	 14613 	 IT=116;116 
(664.259518, 659.255383) 	 14289 	 IT=116;116 
(664.259518, 659.255383) 	 14315 	 IT=116;116 
(664.259518, 659.255383) 	 14329 	 IT=116;116 
(664.259518, 659.255383) 	 14343 	 IT=116;116 
(664.259518, 659.255383) 	 14357 	 IT=116;116 
(664.259518, 659.255383) 	 14371 	 IT=116;116 
(664.259518, 659.255383) 	 14385 	 IT=116;116 
(664.259518, 659.255383) 	 14399 	 IT=116;116 
(624.288348, 620.952258) 	 15205 	 IT=116;116 
(624.288348, 620.952258) 	 15234 	 IT=116;116 
(624.288348, 620.952258) 	 15249 	 IT=116;116 
(624.288348, 620.952258) 	 15264 	 IT=116;116 
(594.273466, 590.937377) 	 13936 	 IT=116;116 
(594.273466, 590.937377) 	 13950 	 IT=116;116 
(594.273466, 590.937377) 	 13964 	 IT=116;116 
(594.273466, 590.937377) 	 13978 	 IT=116;116 
(594.273466, 590.937377) 	 13993 	 IT=116;116 
(594.273466, 590.937377) 	 14008 	 IT=116;116 
(594.273466, 590.937377) 	 14023 	 IT=116;116 
(594.273466, 590.937377) 	 14038 	 IT=116;116 
(594.273466, 590.937377) 	 14053 	 IT=116;116 
(594.273466, 590.937377) 	 14067 	 IT=86;116 
(594.273466, 590.937377) 	 14081 	 IT=90;116 
(594.273466, 590.937377) 	 14095 	 IT=70;116 
(594.273466, 590.937377) 	 14109 	 IT=57;116 
(594.273466, 590.937377) 	 14123 	 IT=47;116 
(594.273466, 590.937377) 	 14137 	 IT=45;116 
(594.273466, 590.937377) 	 14151 	 IT=40;116 
(594.273466, 590.937377) 	 14165 	 IT=31;116 
(594.273466, 590.937377) 	 14180 	 IT=26;116 
(594.273466, 590.937377) 	 14193 	 IT=24;116 
(594.273466, 590.937377) 	 14207 	 IT=22;116 
(594.273466, 590.937377) 	 14221 	 IT=17;116 
(594.273466, 590.937377) 	 14235 	 IT=17;116 
(594.273466, 590.937377) 	 14249 	 IT=13;116 
(594.273466, 590.937377) 	 14263 	 IT=12;116 
(798.019526, 795.348126) 	 14640 	 IT=116;116 
(798.019526, 795.348126) 	 14654 	 IT=116;116 
(798.019526, 795.348126) 	 14668 	 IT=116;116 
(798.019526, 795.348126) 	 14682 	 IT=116;116 
(798.019526, 795.348126) 	 14696 	 IT=116;116 
(798.019526, 795.348126) 	 14710 	 IT=116;116 
(798.019526, 795.348126) 	 14724 	 IT=116;116 
(798.019526, 795.348126) 	 14738 	 IT=116;116 
(798.019526, 795.348126) 	 14752 	 IT=116;116 
(798.019526, 795.348126) 	 14766 	 IT=116;116 
(704.242683, 699.238549) 	 13201 	 IT=116;116 
(704.242683, 699.238549) 	 13228 	 IT=116;116 
(704.242683, 699.238549) 	 13243 	 IT=116;116 
(704.242683, 699.238549) 	 13272 	 IT=116;116 
(704.242683, 699.238549) 	 13301 	 IT=116;116 
(704.242683, 699.238549) 	 13316 	 IT=116;116 
(704.242683, 699.238549) 	 13331 	 IT=116;116 
(787.838032, 783.830932) 	 14963 	 IT=116;116 
(787.838032, 783.830932) 	 14977 	 IT=116;116 
(787.838032, 783.830932) 	 14991 	 IT=116;116 
(787.838032, 783.830932) 	 15005 	 IT=116;116 
(787.838032, 783.830932) 	 15019 	 IT=116;116 
(787.838032, 783.830932) 	 15033 	 IT=116;116 
(787.838032, 783.830932) 	 15047 	 IT=116;116 
(787.838032, 783.830932) 	 15073 	 IT=116;116 
(787.838032, 783.830932) 	 15111 	 IT=116;116 
(787.838032, 783.830932) 	 15149 	 IT=116;116 
(787.838032, 783.830932) 	 15163 	 IT=116;116 
(787.838032, 783.830932) 	 15177 	 IT=116;116 
(787.838032, 783.830932) 	 15191 	 IT=116;116 
(787.838032, 783.830932) 	 15206 	 IT=116;116 
(787.838032, 783.830932) 	 15220 	 IT=116;116 
(787.838032, 783.830932) 	 15235 	 IT=116;116 
(787.838032, 783.830932) 	 15250 	 IT=116;116 
(787.838032, 783.830932) 	 15265 	 IT=116;116 
(787.838032, 783.830932) 	 15279 	 IT=116;116 
(787.838032, 783.830932) 	 15293 	 IT=112;116 
(787.838032, 783.830932) 	 15307 	 IT=63;116 
(787.838032, 783.830932) 	 15321 	 IT=41;116 
(787.838032, 783.830932) 	 15335 	 IT=33;116 
(787.838032, 783.830932) 	 15349 	 IT=23;116 
(787.838032, 783.830932) 	 15363 	 IT=19;116 
(787.838032, 783.830932) 	 15377 	 IT=16;116 
(729.672416, 726.336326) 	 15403 	 IT=116;116 
(729.672416, 726.336326) 	 15429 	 IT=116;116 
(729.672416, 726.336326) 	 15443 	 IT=116;116 
(729.672416, 726.336326) 	 15457 	 IT=116;116 
(729.672416, 726.336326) 	 15471 	 IT=116;116 
(729.672416, 726.336326) 	 15485 	 IT=116;116 
(729.672416, 726.336326) 	 15499 	 IT=116;116 
(490.189743, 486.182644) 	 17529 	 IT=39;116 
(490.189743, 486.182644) 	 17543 	 IT=25;116 
(490.189743, 486.182644) 	 17557 	 IT=18;116 
(490.189743, 486.182644) 	 17571 	 IT=12;116 
(490.189743, 486.182644) 	 17585 	 IT=9.4;116 
(490.189743, 486.182644) 	 17599 	 IT=7;116 
(490.189743, 486.182644) 	 17613 	 IT=6;116 
(490.189743, 486.182644) 	 17627 	 IT=4.9;116 
(490.189743, 486.182644) 	 17641 	 IT=5.1;116 
(490.189743, 486.182644) 	 17655 	 IT=4.6;116 
(490.189743, 486.182644) 	 17670 	 IT=5.1;116 
(573.777049, 569.769949) 	 16341 	 IT=116;116 
(550.238388, 545.234254) 	 17347 	 IT=116;116 
(550.238388, 545.234254) 	 17361 	 IT=116;116 
(550.238388, 545.234254) 	 17375 	 IT=116;116 
(550.238388, 545.234254) 	 17389 	 IT=116;116 
(550.238388, 545.234254) 	 17403 	 IT=116;116 
(550.238388, 545.234254) 	 17417 	 IT=80;116 
(550.238388, 545.234254) 	 17431 	 IT=44;116 
(550.238388, 545.234254) 	 17445 	 IT=25;116 
(550.238388, 545.234254) 	 17459 	 IT=15;116 
(550.238388, 545.234254) 	 17473 	 IT=9.6;116 
(550.238388, 545.234254) 	 17487 	 IT=7;116 
(550.238388, 545.234254) 	 17501 	 IT=5.2;116 
(550.238388, 545.234254) 	 17515 	 IT=4.7;116 
(806.844855, 804.342788) 	 17656 	 IT=116;116 
(806.844855, 804.342788) 	 17671 	 IT=116;116 
(806.844855, 804.342788) 	 17685 	 IT=116;116 
(806.844855, 804.342788) 	 17699 	 IT=116;116 
(736.658762, 733.987362) 	 18077 	 IT=116;116 
(736.658762, 733.987362) 	 18092 	 IT=116;116 
(736.658762, 733.987362) 	 18107 	 IT=116;116 
(736.658762, 733.987362) 	 18121 	 IT=116;116 
(805.385157, 802.049068) 	 18395 	 IT=116;116 
(580.274033, 576.937943) 	 18007 	 IT=116;116 
(580.274033, 576.937943) 	 18021 	 IT=116;116 
(580.274033, 576.937943) 	 18035 	 IT=116;116 
(580.274033, 576.937943) 	 18049 	 IT=116;116 
(580.274033, 576.937943) 	 18063 	 IT=116;116 
(580.274033, 576.937943) 	 18078 	 IT=116;116 
(580.274033, 576.937943) 	 18093 	 IT=116;116 
(605.303954, 601.296854) 	 17846 	 IT=116;116 
(605.303954, 601.296854) 	 17860 	 IT=116;116 
(605.303954, 601.296854) 	 17874 	 IT=116;116 
(605.303954, 601.296854) 	 17888 	 IT=116;116 
(605.303954, 601.296854) 	 17902 	 IT=116;116 
(605.303954, 601.296854) 	 17916 	 IT=116;116 
(605.303954, 601.296854) 	 17930 	 IT=116;116 
(605.303954, 601.296854) 	 17944 	 IT=116;116 
(605.303954, 601.296854) 	 18350 	 IT=116;116 
(605.303954, 601.296854) 	 18365 	 IT=116;116 
(605.303954, 601.296854) 	 18380 	 IT=116;116 
(605.303954, 601.296854) 	 18396 	 IT=76;116 
(605.303954, 601.296854) 	 18410 	 IT=45;116 
(605.303954, 601.296854) 	 18425 	 IT=28;116 
(552.236813, 548.900724) 	 19761 	 IT=116;116 
(552.236813, 548.900724) 	 19775 	 IT=116;116 
(552.236813, 548.900724) 	 19789 	 IT=116;116 
(552.236813, 548.900724) 	 19803 	 IT=116;116 
(552.236813, 548.900724) 	 19817 	 IT=116;116 
(552.236813, 548.900724) 	 19831 	 IT=116;116 
(552.236813, 548.900724) 	 19845 	 IT=116;116 
(552.236813, 548.900724) 	 19859 	 IT=116;116 
(552.236813, 548.900724) 	 19897 	 IT=116;116 
(552.236813, 548.900724) 	 19947 	 IT=116;116 
(552.236813, 548.900724) 	 19961 	 IT=116;116 
(552.236813, 548.900724) 	 19975 	 IT=116;116 
(552.236813, 548.900724) 	 19989 	 IT=116;116 
(552.236813, 548.900724) 	 20039 	 IT=116;116 
(552.236813, 548.900724) 	 20053 	 IT=116;116 
(593.652844, 590.316755) 	 18196 	 IT=116;116 
(593.652844, 590.316755) 	 18210 	 IT=116;116 
(593.652844, 590.316755) 	 18224 	 IT=116;116 
(593.652844, 590.316755) 	 18238 	 IT=116;116 
(593.652844, 590.316755) 	 18252 	 IT=116;116 
(593.652844, 590.316755) 	 18266 	 IT=116;116 
(593.652844, 590.316755) 	 18280 	 IT=116;116 
(593.652844, 590.316755) 	 18294 	 IT=116;116 
(593.652844, 590.316755) 	 18308 	 IT=116;116 
(593.652844, 590.316755) 	 18322 	 IT=116;116 
(593.652844, 590.316755) 	 18336 	 IT=116;116 
(593.652844, 590.316755) 	 18351 	 IT=116;116 
(593.652844, 590.316755) 	 18366 	 IT=116;116 
(593.652844, 590.316755) 	 18381 	 IT=116;116 
(593.652844, 590.316755) 	 18411 	 IT=116;116 
(754.6749, 751.338835) 	 20719 	 IT=116;116 
(754.6749, 751.338835) 	 20732 	 IT=116;116 
(754.6749, 751.338835) 	 20762 	 IT=116;116 
(754.6749, 751.338835) 	 20778 	 IT=116;116 
(754.6749, 751.338835) 	 20792 	 IT=116;116 
(754.6749, 751.338835) 	 20807 	 IT=116;116 
(754.6749, 751.338835) 	 20822 	 IT=116;116 
(754.6749, 751.338835) 	 20837 	 IT=116;116 
(754.6749, 751.338835) 	 20852 	 IT=116;116 
(754.6749, 751.338835) 	 20867 	 IT=116;116 
(943.4252, 940.753925) 	 21004 	 IT=116;116 
(943.4252, 940.753925) 	 21019 	 IT=116;116 
(943.4252, 940.753925) 	 21035 	 IT=116;116 
(943.4252, 940.753925) 	 21051 	 IT=116;116 
(943.4252, 940.753925) 	 21067 	 IT=116;116 
(943.4252, 940.753925) 	 21083 	 IT=116;116 
(943.4252, 940.753925) 	 21099 	 IT=116;116 
(943.4252, 940.753925) 	 21115 	 IT=108;116 
(943.4252, 940.753925) 	 21131 	 IT=108;116 
(943.4252, 940.753925) 	 21147 	 IT=116;116 
(943.4252, 940.753925) 	 21162 	 IT=116;116 
(943.4252, 940.753925) 	 21177 	 IT=116;116 
(943.4252, 940.753925) 	 21192 	 IT=116;116 
(943.4252, 940.753925) 	 21208 	 IT=116;116 
(943.4252, 940.753925) 	 21223 	 IT=116;116 
(943.4252, 940.753925) 	 21238 	 IT=116;116 
(943.4252, 940.753925) 	 21253 	 IT=116;116 
(943.4252, 940.753925) 	 21268 	 IT=116;116 
(943.4252, 940.753925) 	 21283 	 IT=116;116 
(943.4252, 940.753925) 	 21298 	 IT=116;116 
(943.4252, 940.753925) 	 21313 	 IT=116;116 
(943.4252, 940.753925) 	 21328 	 IT=116;116 
(943.4252, 940.753925) 	 21343 	 IT=116;116 
(943.4252, 940.753925) 	 21358 	 IT=116;116 
(943.4252, 940.753925) 	 21373 	 IT=116;116 
(943.4252, 940.753925) 	 21388 	 IT=116;116 
(943.4252, 940.753925) 	 21403 	 IT=116;116 
(943.4253, 940.753925) 	 21003 	 IT=116;116 
(825.126017, 823.122467) 	 21193 	 IT=116;116 
(724.340777, 721.004688) 	 21473 	 IT=116;116 
(724.340777, 721.004688) 	 21488 	 IT=116;116 
(724.340777, 721.004688) 	 21503 	 IT=116;116 
(724.340777, 721.004688) 	 21518 	 IT=116;116 
(724.340777, 721.004688) 	 21533 	 IT=116;116 
(724.340777, 721.004688) 	 21548 	 IT=116;116 
(724.340777, 721.004688) 	 21563 	 IT=116;116 
(724.340777, 721.004688) 	 21578 	 IT=116;116 
(724.340777, 721.004688) 	 21593 	 IT=116;116 
(797.363226, 794.691826) 	 21636 	 IT=116;116 
(797.363226, 794.691826) 	 21651 	 IT=116;116 
(797.363226, 794.691826) 	 21666 	 IT=116;116 
(668.662403, 665.326313) 	 20591 	 IT=116;116 
(668.662403, 665.326313) 	 20642 	 IT=116;116 
(668.662403, 665.326313) 	 20693 	 IT=116;116 
(668.662403, 665.326313) 	 20720 	 IT=116;116 
(668.662403, 665.326313) 	 20748 	 IT=116;116 
(668.662403, 665.326313) 	 20763 	 IT=116;116 
(668.662403, 665.326313) 	 20779 	 IT=116;116 
(668.662403, 665.326313) 	 20793 	 IT=116;116 
(668.662403, 665.326313) 	 20808 	 IT=116;116 
(668.662403, 665.326313) 	 20823 	 IT=116;116 
(668.662403, 665.326313) 	 20838 	 IT=116;116 
(668.662403, 665.326313) 	 20853 	 IT=116;116 
(668.662403, 665.326313) 	 20868 	 IT=116;116 
(668.662403, 665.326313) 	 20882 	 IT=116;116 
(668.662403, 665.326313) 	 20896 	 IT=116;116 
(668.662403, 665.326313) 	 20910 	 IT=116;116 
(668.662403, 665.326313) 	 20924 	 IT=116;116 
(668.662403, 665.326313) 	 20962 	 IT=116;116 
(668.662403, 665.326313) 	 20976 	 IT=116;116 
(668.662403, 665.326313) 	 21002 	 IT=116;116 
(668.662403, 665.326313) 	 21034 	 IT=116;116 
(668.662403, 665.326313) 	 21050 	 IT=116;116 
(668.662403, 665.326313) 	 21066 	 IT=116;116 
(668.662403, 665.326313) 	 21082 	 IT=116;116 
(668.662403, 665.326313) 	 21098 	 IT=116;116 
(668.662403, 665.326313) 	 21114 	 IT=116;116 
(668.662403, 665.326313) 	 21130 	 IT=116;116 
(668.662403, 665.326313) 	 21146 	 IT=116;116 
(668.662403, 665.326313) 	 21161 	 IT=116;116 
(668.662403, 665.326313) 	 21176 	 IT=116;116 
(668.662403, 665.326313) 	 21191 	 IT=116;116 
(668.662403, 665.326313) 	 21207 	 IT=116;116 
(668.662403, 665.326313) 	 21222 	 IT=116;116 
(668.662403, 665.326313) 	 21237 	 IT=116;116 
(668.662403, 665.326313) 	 21252 	 IT=116;116 
(668.662403, 665.326313) 	 21267 	 IT=116;116 
(668.662403, 665.326313) 	 21282 	 IT=116;116 
(668.662403, 665.326313) 	 21297 	 IT=116;116 
(668.662403, 665.326313) 	 21312 	 IT=116;116 
(668.662403, 665.326313) 	 21327 	 IT=116;116 
(668.662403, 665.326313) 	 21342 	 IT=116;116 
(668.662403, 665.326313) 	 21357 	 IT=116;116 
(668.662403, 665.326313) 	 21372 	 IT=116;116 
(668.662403, 665.326313) 	 21387 	 IT=116;116 
(668.662403, 665.326313) 	 21402 	 IT=116;116 
(668.662403, 665.326313) 	 21417 	 IT=116;116 
(668.662403, 665.326313) 	 21431 	 IT=116;116 
(668.662403, 665.326313) 	 21445 	 IT=116;116 
(668.662403, 665.326313) 	 21459 	 IT=116;116 
(668.662403, 665.326313) 	 21474 	 IT=116;116 
(668.662403, 665.326313) 	 21489 	 IT=116;116 
(668.662403, 665.326313) 	 21504 	 IT=116;116 
(668.662403, 665.326313) 	 21519 	 IT=116;116 
(668.662403, 665.326313) 	 21534 	 IT=116;116 
(668.662403, 665.326313) 	 21549 	 IT=116;116 
(668.662403, 665.326313) 	 21564 	 IT=116;116 
(668.662403, 665.326313) 	 21579 	 IT=116;116 
(668.662403, 665.326313) 	 21594 	 IT=116;116 
(668.662403, 665.326313) 	 21608 	 IT=116;116 
(668.662403, 665.326313) 	 21622 	 IT=116;116 
(668.662403, 665.326313) 	 21637 	 IT=116;116 
(668.662403, 665.326313) 	 21652 	 IT=116;116 
(668.662403, 665.326313) 	 21667 	 IT=116;116 
(668.662403, 665.326313) 	 21681 	 IT=116;116 
(668.662403, 665.326313) 	 21695 	 IT=116;116 
(668.662403, 665.326313) 	 21709 	 IT=116;116 
(668.662403, 665.326313) 	 21723 	 IT=116;116 
(668.662403, 665.326313) 	 21737 	 IT=116;116 
(668.662403, 665.326313) 	 21751 	 IT=116;116 
(668.662403, 665.326313) 	 21765 	 IT=116;116 
(668.662403, 665.326313) 	 21779 	 IT=116;116 
(668.662403, 665.326313) 	 21793 	 IT=116;116 
(668.662403, 665.326313) 	 21807 	 IT=116;116 
(668.662403, 665.326313) 	 21821 	 IT=116;116 
(668.662403, 665.326313) 	 21835 	 IT=116;116 
(668.662403, 665.326313) 	 21849 	 IT=116;116 
(668.662403, 665.326313) 	 21863 	 IT=116;116 
(668.662403, 665.326313) 	 21877 	 IT=116;116 
(668.662403, 665.326313) 	 21891 	 IT=116;116 
(668.662403, 665.326313) 	 21905 	 IT=116;116 
(668.662403, 665.326313) 	 21919 	 IT=116;116 
(668.662403, 665.326313) 	 21933 	 IT=116;116 
(668.662403, 665.326313) 	 21947 	 IT=116;116 
(668.662403, 665.326313) 	 21961 	 IT=116;116 
(668.662403, 665.326313) 	 21975 	 IT=116;116 
(668.662403, 665.326313) 	 21989 	 IT=116;116 
(668.662403, 665.326313) 	 22003 	 IT=116;116 
(668.662403, 665.326313) 	 22017 	 IT=116;116 
(668.662403, 665.326313) 	 22031 	 IT=116;116 
(668.662403, 665.326313) 	 22045 	 IT=116;116 
(668.662403, 665.326313) 	 22059 	 IT=116;116 
(668.662403, 665.326313) 	 22073 	 IT=116;116 
(668.662403, 665.326313) 	 22087 	 IT=116;116 
(668.662403, 665.326313) 	 22101 	 IT=116;116 
(668.662403, 665.326313) 	 22115 	 IT=116;116 
(668.662403, 665.326313) 	 22129 	 IT=116;116 
(668.662403, 665.326313) 	 22143 	 IT=84;116 
(668.662403, 665.326313) 	 22158 	 IT=116;116 
(668.662403, 665.326313) 	 22172 	 IT=70;116 
(668.662403, 665.326313) 	 22186 	 IT=65;116 
(668.662403, 665.326313) 	 22200 	 IT=64;116 
(668.662403, 665.326313) 	 22214 	 IT=116;116 
(668.662403, 665.326313) 	 22228 	 IT=54;116 
(668.662403, 665.326313) 	 22242 	 IT=44;116 
(668.662403, 665.326313) 	 22256 	 IT=46;116 
(594.809403, 590.802304) 	 21018 	 IT=116;116 
(594.809403, 590.802304) 	 21033 	 IT=116;116 
(594.809403, 590.802304) 	 21049 	 IT=116;116 
(594.809403, 590.802304) 	 21065 	 IT=116;116 
(594.809403, 590.802304) 	 21081 	 IT=116;116 
(594.809403, 590.802304) 	 21097 	 IT=116;116 
(594.809403, 590.802304) 	 21113 	 IT=116;116 
(594.809403, 590.802304) 	 21129 	 IT=116;116 
(594.809403, 590.802304) 	 21145 	 IT=116;116 
(594.809403, 590.802304) 	 22157 	 IT=116;116 
(594.809403, 590.802304) 	 22738 	 IT=116;116 
(594.809403, 590.802304) 	 22752 	 IT=116;116 
(594.809403, 590.802304) 	 22767 	 IT=116;116 
(594.809403, 590.802304) 	 22782 	 IT=116;116 
(594.809403, 590.802304) 	 22797 	 IT=116;116 
(594.809403, 590.802304) 	 22812 	 IT=85;116 
(594.809403, 590.802304) 	 22827 	 IT=61;116 
(927.395497, 922.391362) 	 22829 	 IT=116;116 
(927.395497, 922.391362) 	 22844 	 IT=116;116 
(927.395497, 922.391362) 	 22859 	 IT=116;116 
(927.395497, 922.391362) 	 22874 	 IT=116;116 
(734.299747, 730.963657) 	 23942 	 IT=116;116 
(734.299747, 730.963657) 	 23956 	 IT=116;116 
(734.299747, 730.963657) 	 23982 	 IT=116;116 
(734.299747, 730.963657) 	 23996 	 IT=116;116 
(867.740434, 864.404345) 	 22753 	 IT=116;116 
(867.740434, 864.404345) 	 22768 	 IT=116;116 
(867.740434, 864.404345) 	 22783 	 IT=116;116 
(867.740434, 864.404345) 	 22798 	 IT=116;116 
(867.740434, 864.404345) 	 22813 	 IT=116;116 
(867.740434, 864.404345) 	 22828 	 IT=116;116 
(867.740434, 864.404345) 	 22843 	 IT=116;116 
(867.740434, 864.404345) 	 22858 	 IT=116;116 
(867.740434, 864.404345) 	 22873 	 IT=116;116 
(867.740434, 864.404345) 	 22888 	 IT=116;116 
(867.740434, 864.404345) 	 22902 	 IT=116;116 
(867.740434, 864.404345) 	 22916 	 IT=116;116 
(867.740434, 864.404345) 	 22930 	 IT=116;116 
(867.740434, 864.404345) 	 22944 	 IT=116;116 
(867.740434, 864.404345) 	 22958 	 IT=116;116 
(867.740434, 864.404345) 	 22972 	 IT=116;116 
(867.740434, 864.404345) 	 22986 	 IT=116;116 
(867.740434, 864.404345) 	 23000 	 IT=116;116 
(867.740434, 864.404345) 	 23014 	 IT=116;116 
(867.740434, 864.404345) 	 23028 	 IT=116;116 
(867.740434, 864.404345) 	 23042 	 IT=116;116 
(867.740434, 864.404345) 	 23056 	 IT=116;116 
(867.740434, 864.404345) 	 23070 	 IT=116;116 
(867.740434, 864.404345) 	 23084 	 IT=116;116 
(867.740434, 864.404345) 	 23098 	 IT=116;116 
(867.740434, 864.404345) 	 23112 	 IT=116;116 
(659.667154, 656.331064) 	 25270 	 IT=116;116 
(659.667154, 656.331064) 	 25284 	 IT=116;116 
(659.667154, 656.331064) 	 25298 	 IT=116;116 
(659.667154, 656.331064) 	 25312 	 IT=116;116 
(659.667154, 656.331064) 	 25327 	 IT=116;116 
(754.6748, 751.338835) 	 25525 	 IT=116;116 
(609.996723, 606.660633) 	 26084 	 IT=116;116 
(609.996723, 606.660633) 	 26099 	 IT=116;116 
(632.814488, 628.807389) 	 25999 	 IT=116;116 
(632.814488, 628.807389) 	 26013 	 IT=116;116 
(632.814488, 628.807389) 	 26027 	 IT=116;116 
(632.814488, 628.807389) 	 26041 	 IT=116;116 
(632.814488, 628.807389) 	 26055 	 IT=114;116 
(632.814488, 628.807389) 	 26069 	 IT=107;116 
(632.814488, 628.807389) 	 26083 	 IT=104;116 
(632.814488, 628.807389) 	 26098 	 IT=96;116 
(632.814488, 628.807389) 	 26113 	 IT=97;116 
(632.814488, 628.807389) 	 26127 	 IT=98;116 
(632.814488, 628.807389) 	 26141 	 IT=80;116 
(632.814488, 628.807389) 	 26155 	 IT=74;116 
(632.814488, 628.807389) 	 26169 	 IT=79;116 
(632.814488, 628.807389) 	 26183 	 IT=87;116 
(632.814488, 628.807389) 	 26197 	 IT=83;116 
(632.814488, 628.807389) 	 26211 	 IT=85;116 
(632.814488, 628.807389) 	 26225 	 IT=85;116 
(632.814488, 628.807389) 	 26239 	 IT=90;116 
(632.814488, 628.807389) 	 26253 	 IT=91;116 
(632.814488, 628.807389) 	 26267 	 IT=94;116 
(632.814488, 628.807389) 	 27071 	 IT=116;116 
(632.814488, 628.807389) 	 27086 	 IT=116;116 
(632.814488, 628.807389) 	 27101 	 IT=116;116 
(632.814488, 628.807389) 	 27116 	 IT=116;116 
(632.814488, 628.807389) 	 27131 	 IT=116;116 
(632.814488, 628.807389) 	 27145 	 IT=116;116 
(632.814488, 628.807389) 	 27159 	 IT=116;116 
(632.814488, 628.807389) 	 27173 	 IT=116;116 
(632.814488, 628.807389) 	 27187 	 IT=116;116 
(632.814488, 628.807389) 	 27201 	 IT=116;116 
(632.814488, 628.807389) 	 27215 	 IT=116;116 
(632.814488, 628.807389) 	 27229 	 IT=116;116 
(632.814488, 628.807389) 	 27243 	 IT=116;116 
(632.814488, 628.807389) 	 27257 	 IT=116;116 
(632.814488, 628.807389) 	 27271 	 IT=116;116 
(632.814488, 628.807389) 	 27285 	 IT=116;116 
(632.814488, 628.807389) 	 27299 	 IT=116;116 
(632.814488, 628.807389) 	 27313 	 IT=116;116 
(632.814488, 628.807389) 	 27327 	 IT=116;116 
(632.814488, 628.807389) 	 27341 	 IT=116;116 
(632.814488, 628.807389) 	 27356 	 IT=116;116 
(632.814488, 628.807389) 	 27369 	 IT=116;116 
(632.814488, 628.807389) 	 27386 	 IT=116;116 
(632.814488, 628.807389) 	 27401 	 IT=116;116 
(632.814488, 628.807389) 	 27416 	 IT=116;116 
(632.814488, 628.807389) 	 27431 	 IT=116;116 
(632.814488, 628.807389) 	 27446 	 IT=116;116 
(632.814488, 628.807389) 	 27460 	 IT=116;116 
(632.814488, 628.807389) 	 27475 	 IT=116;116 
(632.814488, 628.807389) 	 27504 	 IT=116;116 
(632.814488, 628.807389) 	 27519 	 IT=116;116 
(632.814488, 628.807389) 	 27534 	 IT=116;116 
(632.814488, 628.807389) 	 27549 	 IT=116;116 
(632.814488, 628.807389) 	 27564 	 IT=116;116 
(632.814488, 628.807389) 	 27579 	 IT=116;116 
(632.814488, 628.807389) 	 27593 	 IT=116;116 
(632.814488, 628.807389) 	 27607 	 IT=116;116 
(632.814488, 628.807389) 	 27621 	 IT=116;116 
(632.814488, 628.807389) 	 27635 	 IT=116;116 
(632.814488, 628.807389) 	 27649 	 IT=116;116 
(632.814488, 628.807389) 	 27676 	 IT=116;116 
(782.37822, 779.04213) 	 26281 	 IT=116;116 
(782.37822, 779.04213) 	 26343 	 IT=116;116 
(782.37822, 779.04213) 	 26357 	 IT=116;116 
(782.37822, 779.04213) 	 26371 	 IT=116;116 
(782.37822, 779.04213) 	 26385 	 IT=116;116 
(782.37822, 779.04213) 	 26399 	 IT=116;116 
(782.37822, 779.04213) 	 26413 	 IT=116;116 
(782.37822, 779.04213) 	 26427 	 IT=116;116 
(782.37822, 779.04213) 	 26441 	 IT=116;116 
(782.37822, 779.04213) 	 26455 	 IT=116;116 
(782.37822, 779.04213) 	 26469 	 IT=116;116 
(782.37822, 779.04213) 	 26483 	 IT=116;116 
(782.37822, 779.04213) 	 26497 	 IT=116;116 
(782.37822, 779.04213) 	 26511 	 IT=116;116 
(782.37822, 779.04213) 	 26525 	 IT=116;116 
(782.37822, 779.04213) 	 26539 	 IT=116;116 
(782.37822, 779.04213) 	 26553 	 IT=116;116 
(782.37822, 779.04213) 	 26567 	 IT=116;116 
(782.37822, 779.04213) 	 26581 	 IT=116;116 
(782.37822, 779.04213) 	 26595 	 IT=116;116 
(782.37822, 779.04213) 	 26609 	 IT=116;116 
(782.37822, 779.04213) 	 26623 	 IT=116;116 
(782.37822, 779.04213) 	 26637 	 IT=116;116 
(782.37822, 779.04213) 	 26651 	 IT=116;116 
(782.37822, 779.04213) 	 26665 	 IT=116;116 
(782.37822, 779.04213) 	 26679 	 IT=116;116 
(782.37822, 779.04213) 	 26693 	 IT=116;116 
(782.37822, 779.04213) 	 26707 	 IT=116;116 
(782.37822, 779.04213) 	 26721 	 IT=116;116 
(782.37822, 779.04213) 	 26735 	 IT=116;116 
(782.37822, 779.04213) 	 26749 	 IT=116;116 
(782.37822, 779.04213) 	 26763 	 IT=116;116 
(782.37822, 779.04213) 	 26777 	 IT=116;116 
(782.37822, 779.04213) 	 26791 	 IT=116;116 
(782.37822, 779.04213) 	 26805 	 IT=116;116 
(782.37822, 779.04213) 	 26819 	 IT=116;116 
(782.37822, 779.04213) 	 26833 	 IT=116;116 
(782.37822, 779.04213) 	 26847 	 IT=116;116 
(782.37822, 779.04213) 	 26861 	 IT=116;116 
(782.37822, 779.04213) 	 26875 	 IT=116;116 
(782.37822, 779.04213) 	 26889 	 IT=116;116 
(782.37822, 779.04213) 	 26903 	 IT=116;116 
(782.37822, 779.04213) 	 26917 	 IT=116;116 
(782.37822, 779.04213) 	 26931 	 IT=116;116 
(782.37822, 779.04213) 	 26945 	 IT=116;116 
(782.37822, 779.04213) 	 26959 	 IT=116;116 
(782.37822, 779.04213) 	 26973 	 IT=116;116 
(782.37822, 779.04213) 	 26987 	 IT=116;116 
(782.37822, 779.04213) 	 27001 	 IT=116;116 
(782.37822, 779.04213) 	 27015 	 IT=116;116 
(782.37822, 779.04213) 	 27029 	 IT=116;116 
(782.37822, 779.04213) 	 27043 	 IT=116;116 
(782.37822, 779.04213) 	 27057 	 IT=116;116 
(782.37822, 779.04213) 	 27072 	 IT=116;116 
(782.37822, 779.04213) 	 27087 	 IT=116;116 
(782.37822, 779.04213) 	 27102 	 IT=116;116 
(782.37822, 779.04213) 	 27117 	 IT=116;116 
(860.758878, 857.422788) 	 27355 	 IT=116;116 
(860.758878, 857.422788) 	 27368 	 IT=116;116 
(860.758878, 857.422788) 	 27385 	 IT=116;116 
(860.758878, 857.422788) 	 27400 	 IT=116;116 
(860.758878, 857.422788) 	 27415 	 IT=116;116 
(860.758878, 857.422788) 	 27430 	 IT=116;116 
(860.758878, 857.422788) 	 27445 	 IT=116;116 
(765.351454, 762.015364) 	 28235 	 IT=116;116 
(765.351454, 762.015364) 	 28249 	 IT=116;116 
(765.351454, 762.015364) 	 28263 	 IT=116;116 
(765.351454, 762.015364) 	 28277 	 IT=116;116 
(765.351454, 762.015364) 	 28291 	 IT=116;116 
(765.351454, 762.015364) 	 28305 	 IT=116;116 
(765.351454, 762.015364) 	 28319 	 IT=116;116 
(765.351454, 762.015364) 	 28333 	 IT=116;116 
(793.402371, 790.066281) 	 27461 	 IT=116;116 
(793.402371, 790.066281) 	 27476 	 IT=116;116 
(793.402371, 790.066281) 	 27490 	 IT=116;116 
(793.402371, 790.066281) 	 27505 	 IT=116;116 
(793.402371, 790.066281) 	 27520 	 IT=116;116 
(793.402371, 790.066281) 	 27535 	 IT=116;116 
(793.402371, 790.066281) 	 27550 	 IT=116;116 
(793.402371, 790.066281) 	 27565 	 IT=116;116 
(793.402371, 790.066281) 	 28443 	 IT=116;116 
(793.402371, 790.066281) 	 28493 	 IT=116;116 
(793.402371, 790.066281) 	 28507 	 IT=116;116 
(793.402371, 790.066281) 	 28521 	 IT=116;116 
(941.402268, 936.398133) 	 30296 	 IT=116;116 
(941.402268, 936.398133) 	 30310 	 IT=116;116 
(941.402268, 936.398133) 	 30324 	 IT=116;116 
(876.392226, 871.388091) 	 30843 	 IT=116;116 
(876.392226, 871.388091) 	 30857 	 IT=116;116 
(876.392226, 871.388091) 	 30871 	 IT=116;116 
(876.392226, 871.388091) 	 30885 	 IT=116;116 
(876.392226, 871.388091) 	 30899 	 IT=116;116 
(876.392226, 871.388091) 	 30913 	 IT=116;116 
(876.392226, 871.388091) 	 30927 	 IT=116;116 
(935.725468, 932.389378) 	 31091 	 IT=116;116 
(935.725468, 932.389378) 	 31107 	 IT=116;116 
(935.725468, 932.389378) 	 31123 	 IT=116;116 
(935.725468, 932.389378) 	 31139 	 IT=116;116 
(935.725468, 932.389378) 	 31155 	 IT=116;116 
(935.725468, 932.389378) 	 31170 	 IT=116;116 
(935.725468, 932.389378) 	 31185 	 IT=116;116 
(935.725468, 932.389378) 	 31200 	 IT=116;116 
(935.725468, 932.389378) 	 31215 	 IT=116;116 
(935.725468, 932.389378) 	 31230 	 IT=116;116 
(935.725468, 932.389378) 	 31245 	 IT=116;116 
(935.725468, 932.389378) 	 31260 	 IT=116;116 
(935.725468, 932.389378) 	 31276 	 IT=116;116 
(935.725468, 932.389378) 	 31293 	 IT=116;116 
(767.025997, 764.354597) 	 31186 	 IT=116;116 
(767.025997, 764.354597) 	 31201 	 IT=116;116 
(767.025997, 764.354597) 	 31216 	 IT=116;116 
(767.025997, 764.354597) 	 31231 	 IT=116;116 
(767.025997, 764.354597) 	 31246 	 IT=116;116 
(767.025997, 764.354597) 	 31262 	 IT=116;116 
(767.025997, 764.354597) 	 31278 	 IT=116;116 
(767.025997, 764.354597) 	 31296 	 IT=116;116 
(767.025997, 764.354597) 	 31311 	 IT=116;116 
(767.025997, 764.354597) 	 31327 	 IT=116;116 
(767.025997, 764.354597) 	 31343 	 IT=116;116 
(767.025997, 764.354597) 	 31359 	 IT=116;116 
(767.025997, 764.354597) 	 31375 	 IT=116;116 
(881.4429, 878.771423) 	 29789 	 IT=116;116 
(881.4429, 878.771423) 	 29803 	 IT=116;116 
(881.4429, 878.771423) 	 29817 	 IT=116;116 
(881.4429, 878.771423) 	 29831 	 IT=116;116 
(881.4429, 878.771423) 	 29845 	 IT=116;116 
(881.4429, 878.771423) 	 29859 	 IT=116;116 
(881.4429, 878.771423) 	 29873 	 IT=116;116 
(881.4429, 878.771423) 	 29887 	 IT=116;116 
(881.4429, 878.771423) 	 29901 	 IT=116;116 
(881.4429, 878.771423) 	 29915 	 IT=116;116 
(881.4429, 878.771423) 	 29929 	 IT=116;116 
(881.4429, 878.771423) 	 29943 	 IT=116;116 
(881.4429, 878.771423) 	 29957 	 IT=116;116 
(881.4429, 878.771423) 	 29971 	 IT=116;116 
(881.4429, 878.771423) 	 29985 	 IT=116;116 
(881.4429, 878.771423) 	 30012 	 IT=116;116 
(881.4429, 878.771423) 	 30026 	 IT=116;116 
(1048.145059, 1045.473659) 	 30965 	 IT=116;116 
(1048.145059, 1045.473659) 	 30979 	 IT=116;116 
(1048.145059, 1045.473659) 	 30993 	 IT=116;116 
(1048.145059, 1045.473659) 	 31007 	 IT=116;116 
(1048.145059, 1045.473659) 	 31021 	 IT=116;116 
(1048.145059, 1045.473659) 	 31035 	 IT=116;116 
(1048.145059, 1045.473659) 	 31049 	 IT=116;116 
(1048.145059, 1045.473659) 	 31063 	 IT=116;116 
(1048.145059, 1045.473659) 	 31077 	 IT=116;116 
(1048.145059, 1045.473659) 	 31093 	 IT=116;116 
(1048.145059, 1045.473659) 	 31109 	 IT=116;116 
(1048.145059, 1045.473659) 	 31125 	 IT=94;116 
(1048.145059, 1045.473659) 	 31141 	 IT=79;116 
(1048.145059, 1045.473659) 	 31156 	 IT=116;116 
(1048.145059, 1045.473659) 	 31171 	 IT=116;116 
(864.064845, 861.393446) 	 31294 	 IT=116;116 
(864.064845, 861.393446) 	 31309 	 IT=116;116 
(864.064845, 861.393446) 	 31325 	 IT=116;116 
(864.064845, 861.393446) 	 31341 	 IT=116;116 
(864.064845, 861.393446) 	 31357 	 IT=116;116 
(864.064845, 861.393446) 	 31373 	 IT=116;116 
(900.40133, 896.394231) 	 31261 	 IT=116;116 
(900.40133, 896.394231) 	 31277 	 IT=116;116 
(900.40133, 896.394231) 	 31295 	 IT=116;116 
(900.40133, 896.394231) 	 31310 	 IT=116;116 
(900.40133, 896.394231) 	 31326 	 IT=116;116 
(900.40133, 896.394231) 	 31342 	 IT=116;116 
(900.40133, 896.394231) 	 31358 	 IT=116;116 
(900.40133, 896.394231) 	 31374 	 IT=116;116 
(900.40133, 896.394231) 	 31390 	 IT=116;116 
(900.40133, 896.394231) 	 31405 	 IT=116;116 
(900.40133, 896.394231) 	 31420 	 IT=116;116 
(900.40133, 896.394231) 	 31435 	 IT=116;116 
(900.40133, 896.394231) 	 31450 	 IT=116;116 
(900.40133, 896.394231) 	 31591 	 IT=116;116 
(900.40133, 896.394231) 	 31606 	 IT=116;116 
(780.394028, 776.386929) 	 31092 	 IT=116;116 
(780.394028, 776.386929) 	 31108 	 IT=116;116 
(780.394028, 776.386929) 	 31124 	 IT=116;116 
(780.394028, 776.386929) 	 31140 	 IT=116;116 
(780.394028, 776.386929) 	 31389 	 IT=116;116 
(780.394028, 776.386929) 	 31404 	 IT=116;116 
(780.394028, 776.386929) 	 31419 	 IT=81;116 
(780.394028, 776.386929) 	 31434 	 IT=39;116 
(780.394028, 776.386929) 	 31449 	 IT=18;116 
(780.394028, 776.386929) 	 31464 	 IT=15;116 
(780.394028, 776.386929) 	 31478 	 IT=16;116 
(780.394028, 776.386929) 	 31492 	 IT=19;116 
(780.394028, 776.386929) 	 31506 	 IT=33;116 
(780.394028, 776.386929) 	 31520 	 IT=71;116 
(780.394028, 776.386929) 	 31534 	 IT=116;116 
(780.394028, 776.386929) 	 31548 	 IT=116;116 
(780.394028, 776.386929) 	 31562 	 IT=116;116 
(780.394028, 776.386929) 	 31576 	 IT=116;116 
(780.394028, 776.386929) 	 31590 	 IT=116;116 
(780.394028, 776.386929) 	 31605 	 IT=116;116 
(780.394028, 776.386929) 	 31633 	 IT=116;116 
(780.394028, 776.386929) 	 31677 	 IT=116;116 
(690.670347, 687.334257) 	 31648 	 IT=116;116 
(690.670347, 687.334257) 	 31663 	 IT=116;116 
(690.670347, 687.334257) 	 31679 	 IT=116;116 
(690.670347, 687.334257) 	 31693 	 IT=116;116 
(690.670347, 687.334257) 	 31707 	 IT=116;116 
(690.670347, 687.334257) 	 31721 	 IT=116;116 
(690.670347, 687.334257) 	 31735 	 IT=116;116 
(690.670347, 687.334257) 	 31749 	 IT=116;116 
(690.670347, 687.334257) 	 31765 	 IT=116;116 
(690.670347, 687.334257) 	 31781 	 IT=116;116 
(690.670347, 687.334257) 	 31797 	 IT=116;116 
(690.670347, 687.334257) 	 31813 	 IT=116;116 
(690.670347, 687.334257) 	 31830 	 IT=116;116 
(690.670347, 687.334257) 	 31847 	 IT=116;116 
(690.670347, 687.334257) 	 31864 	 IT=116;116 
(690.670347, 687.334257) 	 31880 	 IT=116;116 
(690.670347, 687.334257) 	 31897 	 IT=116;116 
(905.930452, 901.923353) 	 31764 	 IT=116;116 
(905.930452, 901.923353) 	 31780 	 IT=116;116 
(905.930452, 901.923353) 	 31796 	 IT=100;116 
(905.930452, 901.923353) 	 31812 	 IT=116;116 
(905.930452, 901.923353) 	 31829 	 IT=116;116 
(905.930452, 901.923353) 	 31846 	 IT=116;116 
(905.930452, 901.923353) 	 31863 	 IT=116;116 
(622.965311, 619.629221) 	 31814 	 IT=116;116 
(622.965311, 619.629221) 	 31831 	 IT=94;116 
(622.965311, 619.629221) 	 31848 	 IT=116;116 
(622.965311, 619.629221) 	 31865 	 IT=83;116 
(622.965311, 619.629221) 	 31881 	 IT=16;116 
(622.965311, 619.629221) 	 31898 	 IT=33;116 
(622.965311, 619.629221) 	 31913 	 IT=116;116 
(622.965311, 619.629221) 	 31929 	 IT=116;116 
(622.965311, 619.629221) 	 31946 	 IT=116;116 
(622.965311, 619.629221) 	 31962 	 IT=116;116 
(1009.486558, 1004.482423) 	 31647 	 IT=116;116 
(1009.486558, 1004.482423) 	 31662 	 IT=116;116 
(1009.486558, 1004.482423) 	 31678 	 IT=116;116 
(1009.486558, 1004.482423) 	 31763 	 IT=116;116 
(1009.486558, 1004.482423) 	 31779 	 IT=116;116 
(1009.486558, 1004.482423) 	 31795 	 IT=116;116 
(1009.486558, 1004.482423) 	 31811 	 IT=116;116 
(1009.486558, 1004.482423) 	 31828 	 IT=116;116 
(1009.486558, 1004.482423) 	 31845 	 IT=116;116 
(1009.486558, 1004.482423) 	 31862 	 IT=116;116 
(1009.486558, 1004.482423) 	 31879 	 IT=116;116 
(1009.486558, 1004.482423) 	 31896 	 IT=116;116 
(1009.486558, 1004.482423) 	 31912 	 IT=116;116 
(1009.486558, 1004.482423) 	 31928 	 IT=116;116 
(1009.486558, 1004.482423) 	 31945 	 IT=116;116 
(1009.486558, 1004.482423) 	 31961 	 IT=116;116 
(1009.486558, 1004.482423) 	 31978 	 IT=116;116 
(1009.486558, 1004.482423) 	 31993 	 IT=116;116 
(664.952065, 661.615975) 	 31992 	 IT=116;116 
(664.952065, 661.615975) 	 32007 	 IT=116;116 
(664.952065, 661.615975) 	 32022 	 IT=116;116 
(664.952065, 661.615975) 	 32039 	 IT=116;116 
(664.952065, 661.615975) 	 32055 	 IT=116;116 
(950.785932, 947.449842) 	 31944 	 IT=116;116 
(944.440997, 941.104907) 	 32040 	 IT=116;116 
(992.869714, 989.5336) 	 31911 	 IT=116;116 
(992.869714, 989.5336) 	 31927 	 IT=116;116 
(992.869714, 989.5336) 	 31943 	 IT=116;116 
(992.869714, 989.5336) 	 31960 	 IT=86;116 
(992.869714, 989.5336) 	 31977 	 IT=116;116 
(992.869714, 989.5336) 	 31991 	 IT=116;116 
(1206.039222, 1201.035088) 	 32008 	 IT=116;116 
(1206.039222, 1201.035088) 	 32023 	 IT=116;116 
(1206.039222, 1201.035088) 	 32041 	 IT=116;116 
(1206.039222, 1201.035088) 	 32056 	 IT=116;116 
(929.4311, 926.4242) 	 32038 	 IT=116;116 
(929.4311, 926.4242) 	 32054 	 IT=104;116 
(929.4311, 926.4242) 	 32070 	 IT=116;116 
(929.4311, 926.4242) 	 32084 	 IT=116;116 
(960.7518, 958.080539) 	 32170 	 IT=116;116 
(649.620755, 646.284665) 	 32098 	 IT=116;116 
(649.620755, 646.284665) 	 32112 	 IT=116;116 
(649.620755, 646.284665) 	 32126 	 IT=75;116 
(649.620755, 646.284665) 	 32140 	 IT=49;116 
(649.620755, 646.284665) 	 32154 	 IT=34;116 
(649.620755, 646.284665) 	 32169 	 IT=68;116 
(649.620755, 646.284665) 	 32183 	 IT=70;116 
(649.620755, 646.284665) 	 32197 	 IT=45;116 
(649.620755, 646.284665) 	 32211 	 IT=48;116 
(649.620755, 646.284665) 	 32226 	 IT=77;116 
(649.620755, 646.284665) 	 32240 	 IT=116;116 
(649.620755, 646.284665) 	 32256 	 IT=75;116 
(649.620755, 646.284665) 	 32271 	 IT=116;116 
(649.620755, 646.284665) 	 32286 	 IT=116;116 
(649.620755, 646.284665) 	 32301 	 IT=116;116 
(649.620755, 646.284665) 	 32315 	 IT=116;116 
(649.620755, 646.284665) 	 32329 	 IT=116;116 
(649.620755, 646.284665) 	 32344 	 IT=116;116 
(649.620755, 646.284665) 	 32357 	 IT=116;116 
(649.620755, 646.284665) 	 32371 	 IT=116;116 
(649.620755, 646.284665) 	 32385 	 IT=116;116 
(649.620755, 646.284665) 	 32399 	 IT=116;116 
(649.620755, 646.284665) 	 32413 	 IT=116;94 
(649.620755, 646.284665) 	 32427 	 IT=116;116 
(649.620755, 646.284665) 	 32441 	 IT=116;116 
(649.620755, 646.284665) 	 32455 	 IT=116;116 
(649.620755, 646.284665) 	 32469 	 IT=116;116 
(649.620755, 646.284665) 	 32495 	 IT=81;116 
(960.7519, 958.080539) 	 32241 	 IT=116;116 
(702.364345, 698.357246) 	 32225 	 IT=116;116 
(702.364345, 698.357246) 	 32255 	 IT=42;116 
(702.364345, 698.357246) 	 32270 	 IT=10;116 
(702.364345, 698.357246) 	 32285 	 IT=41;116 
(702.364345, 698.357246) 	 32300 	 IT=116;116 
